300
17 41
0 134
24 169
8 78
14 162
45 105
27 81
41 161
42 195
36 27
4 191
3 102
32 92
16 21
45 118
26 47
38 171
12 69
49 67
44 35
11 103
33 122
14 73
11 141
18 53
44 147
7 62
9 37
41 123
28 129
35 116
42 190
6 88
42 40
48 64
5 46
29 90
0 170
1 6
48 193
23 29
4 84
40 156
26 166
8 131
39 144
23 26
38 137
32 118
41 129
15 33
8 39
30 104
6 177
36 73
45 21
22 124
29 70
23 177
12 97
40 186
36 161
17 155
24 55
2 31
0 150
24 141
30 166
41 107
37 7
37 57
33 153
9 145
8 9
38 21
46 22
30 106
18 13
41 100
5 162
9 10
37 24
33 148
41 195
0 2
36 91
20 174
21 196
49 148
34 68
34 81
49 53
38 18
38 100
17 127
43 128
33 48
21 7
17 110
14 13
16 109
1 135
49 0
6 119
3 198
8 24
9 44
2 189
35 195
43 93
37 123
3 114
0 48
18 58
46 180
31 198
48 189
7 9
22 72
42 138
29 38
7 190
41 158
38 15
11 156
34 2
5 72
46 128
36 162
33 75
42 69
16 44
48 81
1 122
49 21
26 157
39 92
12 75
10 0
19 3
38 61
39 1
23 55
35 2
35 182
26 88
7 17
32 32
4 169
39 121
29 176
42 168
5 25
49 34
12 41
10 145
3 118
23 139
46 79
29 87
37 149
49 66
45 193
16 97
5 86
32 88
34 55
1 114
21 116
13 186
5 113
3 185
8 112
45 32
6 113
8 121
32 46
44 81
22 196
11 129
0 135
16 173
9 44
39 92
24 53
10 154
49 145
13 186
22 74
18 168
5 187
41 158
25 2
14 77
24 114
24 134
9 172
20 33
47 87
27 118
20 173
18 163
35 192
30 102
27 13
49 2
25 127
24 143
22 23
31 61
32 3
43 105
31 125
42 92
36 22
0 64
10 187
24 13
20 70
33 35
10 111
17 96
0 85
44 140
24 95
25 19
44 176
2 58
16 171
43 78
34 51
14 18
2 119
37 0
26 60
7 10
15 170
27 176
8 43
9 164
36 82
37 165
24 177
27 25
28 29
20 23
12 102
46 123
11 137
25 195
10 64
16 2
26 30
21 11
47 11
20 153
24 190
13 188
1 140
29 62
13 100
28 158
7 165
0 77
39 58
10 103
24 157
8 77
37 113
0 1
28 60
34 193
40 5
4 111
6 35
0 72
35 23
16 156
7 26
7 126
21 137
11 69
22 96
12 17
46 117
41 185
29 23
15 29
32 159
5 96
12 53
34 184
22 54
19 57
13 132
33 7
35 111
48 67
38 75
38 76