200
224 246
479 1771
319 312
714 699
844 251
226 362
885 1535
859 1680
645 578
803 1990
744 1700
492 103
491 931
74 195
177 825
946 1891
510 1009
316 1129
989 1314
894 1513
527 1239
526 135
487 1324
431 1502
612 1899
738 1282
477 1846
698 1316
211 1915
168 1580
376 1191
109 1139
835 472
352 1683
281 1841
131 1320
943 1699
303 1343
317 927
834 351
477 859
4 24
628 1317
800 539
790 1340
475 1580
54 1279
454 1580
999 1263
893 677
829 826
198 712
575 1335
940 261
673 18
64 1846
742 277
995 116
620 1553
561 972
361 1597
158 202
303 1796
529 631
887 917
716 374
272 692
949 91
424 1263
209 1320
774 168
146 1282
411 1431
79 590
239 1772
39 1744
856 98
810 1661
810 1749
221 912
561 1851
640 587
66 1517
831 345
979 529
541 1669
295 561
190 1246
350 1116
134 676
644 650
136 1748
231 1840
903 1175
563 539
379 1499
467 712
236 1220
12 561
66 1310
6 1825
207 775
929 532
667 355
456 1565
189 1209
942 502
99 690
870 1994
601 1635
256 1794
283 1635
920 1199
436 1042
210 1724
831 1946
88 1361
235 91
308 1674
335 429
927 357
778 1172
168 777
199 930
25 392
519 1422
993 1930
79 856
833 1011
922 160
801 1019
723 668
517 1771
698 349
915 1911
545 592
675 1947
86 656
434 1642
712 792
211 1679
101 638
891 1938
647 124
738 43
223 1075
609 1888
627 895
755 1240
897 875
12 471
498 1684
5 711
652 338
690 669
971 850
348 1674
536 1606
740 135
868 255
980 1403
150 379
93 1325
103 698
23 1114
713 1562
636 958
355 711
128 996
364 689
642 1953
935 93
305 1193
404 1824
371 1684
214 1315
421 1259
234 1711
263 1130
538 560
392 61
105 1915
137 988
744 1724
142 1949
331 1196
775 1313
988 967
612 877
716 722
305 1746
732 409
723 189
68 835
317 212
180 1506
627 1624
118 1856
911 1735
799 1042