50
0 0 38 6 93 63 51 25 43 4 19 6 79 100 60 21 93 36 31 51 93 96 73 79 99 11 4 82 22 83 89 17 18 55 51 68 42 8 70 9 29 14 4 29 21 19 48 2 98 13 30  
1 6 0 76 64 15 18 19 10 17 75 70 98 45 65 74 79 50 6 97 70 81 25 62 80 63 66 62 21 90 93 55 78 68 40 100 37 100 62 86 62 95 66 14 36 10 49 23 30 17 99  
2 76 75 0 27 34 53 96 15 80 34 96 30 86 17 33 29 62 34 97 66 91 83 7 78 61 17 63 42 62 40 75 2 83 65 100 37 72 90 49 83 59 66 90 99 46 79 47 65 35 8  
3 14 71 24 0 7 50 6 31 35 65 79 7 9 84 62 19 8 38 31 10 10 27 60 85 13 94 15 13 50 52 31 16 80 34 56 25 28 97 90 98 56 73 18 26 62 56 21 59 43 27  
4 77 33 24 85 0 42 23 91 11 48 66 48 85 25 84 6 59 53 27 100 49 48 42 97 35 3 35 8 91 7 10 72 25 31 97 56 77 97 4 13 35 23 58 7 40 5 76 64 99 77  
5 10 87 11 94 4 0 30 83 38 60 34 85 52 69 23 71 36 29 42 86 24 74 85 69 15 49 35 51 40 20 32 88 98 53 27 49 17 80 61 92 75 62 37 38 87 95 86 16 90 1  
6 95 64 100 77 78 33 0 90 9 50 12 30 67 81 69 6 17 42 65 40 53 56 97 85 83 60 10 85 33 47 66 39 90 74 96 98 10 17 31 62 45 54 21 14 90 44 70 74 66 64  
7 57 25 4 74 3 97 67 0 59 97 86 86 53 72 20 84 16 60 96 65 96 47 36 75 91 36 70 92 80 66 34 3 31 91 34 32 71 39 24 34 30 59 34 83 77 2 89 38 67 73  
8 10 17 34 82 100 88 79 87 0 40 26 45 19 65 76 33 98 69 30 96 13 31 11 22 57 41 44 90 72 85 21 22 15 26 6 11 54 66 47 88 65 73 75 56 68 5 38 1 6 32  
9 46 96 49 37 98 86 81 90 76 0 88 82 74 73 50 99 30 94 36 92 26 25 61 26 21 76 91 69 72 85 80 11 27 19 8 88 49 4 58 88 35 80 31 12 34 73 1 67 48 30  
10 12 13 63 65 55 30 4 56 24 31 0 43 80 21 73 68 81 34 84 90 45 83 3 66 79 40 94 34 77 70 65 74 57 71 11 14 56 69 97 81 36 23 4 46 36 60 52 29 18 36  
11 74 41 76 84 13 40 54 30 4 62 82 0 93 67 5 9 42 67 99 21 83 15 78 60 51 61 61 100 41 8 64 75 6 47 66 62 29 73 52 76 10 7 57 88 55 83 40 42 76 42  
12 94 29 21 40 93 59 96 54 55 29 85 97 0 55 23 94 70 49 6 63 37 4 42 86 77 49 74 51 19 85 69 57 79 27 56 52 56 59 58 46 20 82 87 27 75 91 51 14 62 61  
13 85 45 87 62 71 24 75 48 89 53 49 46 30 0 30 69 45 13 55 83 79 4 14 73 16 77 80 34 31 78 42 89 95 86 11 45 31 40 52 10 91 92 45 44 100 52 66 90 49 25  
14 22 38 27 6 43 47 50 11 98 59 37 78 80 2 0 28 2 74 94 55 17 92 5 30 48 92 40 59 56 65 29 27 55 22 35 13 23 1 56 96 42 52 4 39 47 94 97 22 65 93  
15 14 42 25 62 31 36 96 33 9 7 17 92 94 19 72 0 70 92 82 12 21 66 89 62 87 23 38 10 7 21 29 82 4 53 8 81 74 14 39 17 21 51 95 36 34 5 53 87 26 87  
16 50 81 62 56 15 6 61 66 74 11 76 72 19 1 23 27 0 36 56 2 21 81 63 51 34 13 5 11 34 41 85 59 70 37 65 12 21 44 47 76 83 51 53 16 61 14 12 75 48 47  
17 83 80 39 31 29 67 58 87 39 67 33 50 26 52 83 31 56 0 19 71 37 33 83 24 81 65 3 49 60 76 67 92 65 14 71 38 73 84 53 55 78 42 79 38 65 73 97 72 91 72  
18 96 1 6 87 35 71 43 95 9 10 51 96 12 40 50 92 36 69 0 47 3 10 89 86 11 82 65 62 2 35 80 79 50 46 19 82 69 74 3 22 53 67 5 36 82 72 30 66 21 58  
19 32 9 3 45 93 10 2 73 14 97 27 81 51 25 89 70 49 19 52 0 48 68 38 6 40 74 18 18 53 75 12 26 85 75 6 7 46 25 24 90 10 70 17 1 95 56 97 43 63 31  
20 19 12 47 77 11 40 16 73 87 65 39 80 89 91 93 62 67 80 14 14 0 34 44 15 59 56 55 86 37 1 56 49 21 75 68 45 40 5 40 80 75 17 19 24 83 74 55 87 41 80  
21 25 24 57 85 23 68 30 96 55 68 1 12 97 44 23 63 9 25 36 11 5 0 11 34 37 87 14 94 72 51 98 9 13 24 33 8 57 44 79 12 10 45 40 52 37 62 29 94 83 70  
22 80 38 30 67 49 20 95 82 97 79 98 98 86 8 26 26 71 97 1 47 22 83 0 90 10 7 27 93 98 11 32 50 56 16 20 98 44 63 51 27 91 31 12 67 77 72 67 26 93 20  
23 11 39 27 93 37 47 42 55 28 96 14 59 90 70 83 51 23 87 78 84 97 52 11 0 26 60 94 24 7 95 46 93 67 73 57 41 54 81 79 36 47 24 66 9 35 37 97 2 81 19  
24 37 69 68 73 48 41 69 22 72 98 36 82 2 33 49 73 52 68 95 74 36 33 91 15 0 26 36 1 19 44 77 45 12 96 42 4 47 5 94 89 36 57 51 61 38 98 62 77 30 20  
25 9 31 58 23 12 8 2 70 10 41 38 39 9 27 7 7 76 39 30 72 50 61 97 9 57 0 20 17 90 36 7 64 25 91 43 20 32 94 61 15 92 100 37 73 97 42 59 38 59 13  
26 81 56 17 100 73 5 27 81 8 25 53 18 43 95 38 99 70 32 3 38 58 20 25 33 99 87 0 92 91 14 75 36 78 2 4 91 9 90 24 13 82 14 17 85 76 66 39 97 72 12  
27 82 35 49 56 11 41 63 30 58 42 49 79 16 98 29 67 34 4 48 86 82 69 1 57 60 100 59 0 99 80 12 11 33 38 78 98 18 86 7 95 99 49 24 80 50 95 4 6 71 58  
28 46 98 51 7 36 81 17 8 67 83 47 66 60 4 26 88 34 39 88 72 37 63 97 100 34 55 3 11 0 84 45 67 69 98 10 85 28 90 48 35 64 10 39 57 46 25 30 42 96 60  
29 57 55 60 5 91 12 39 87 86 27 60 40 37 74 41 60 13 63 3 79 18 82 8 100 96 21 98 90 62 0 94 15 63 86 86 12 96 27 64 6 85 30 86 37 5 98 68 31 84 38  
30 9 57 18 37 86 72 71 26 43 3 77 23 92 7 9 30 57 19 58 5 62 25 82 11 54 40 55 1 89 47 0 73 30 55 15 28 2 7 40 33 43 8 38 44 2 39 89 44 100 92  
31 69 15 24 81 68 19 64 57 96 97 10 6 46 56 37 14 31 97 71 34 9 55 70 75 13 84 6 100 90 6 17 0 92 86 22 34 22 23 92 98 58 29 13 12 46 62 77 14 77 31  
32 85 60 14 21 93 1 48 38 97 68 37 88 13 73 68 58 8 80 80 94 81 96 2 99 49 84 1 85 68 26 76 33 0 88 73 23 73 18 73 80 87 14 79 1 45 10 35 13 5 69  
33 93 79 34 53 79 11 98 26 97 56 81 45 8 92 91 70 37 2 9 60 29 62 34 41 53 76 3 88 43 26 47 41 65 0 39 9 62 47 87 15 64 76 90 36 16 73 16 24 34 40  
34 82 90 65 86 70 86 16 59 74 24 33 47 55 69 92 46 73 5 82 3 42 72 91 4 47 85 68 41 84 15 17 59 24 86 0 66 3 20 14 84 95 100 15 75 68 24 21 62 5 56  
35 20 6 23 99 90 30 22 28 8 82 35 8 82 27 62 18 27 51 77 77 88 57 13 54 32 3 37 38 52 26 41 92 4 46 96 0 26 90 50 62 31 4 54 55 49 76 44 72 14 47  
36 92 15 13 79 51 56 66 47 57 23 76 79 33 40 46 19 69 14 35 58 52 11 83 87 100 78 42 41 79 6 59 4 80 30 46 55 0 53 25 58 15 65 5 98 80 63 78 9 47 97  
37 76 19 44 70 81 5 88 92 16 4 61 54 67 58 69 64 10 42 16 85 12 81 42 6 33 41 5 4 24 5 15 32 23 13 66 80 46 0 11 15 17 92 26 12 19 56 14 62 76 14  
38 40 30 5 96 16 48 13 31 20 64 44 70 46 67 35 71 65 6 28 95 12 32 88 67 80 74 99 24 23 82 100 79 28 62 42 17 37 31 0 75 68 63 35 6 99 81 30 50 7 68  
39 47 24 83 81 47 1 44 82 92 54 16 10 51 76 80 39 42 28 72 47 44 93 84 75 61 87 16 77 14 44 95 56 100 85 48 48 53 36 36 0 93 40 79 36 93 32 28 66 80 67  
40 98 17 75 87 98 58 70 18 19 20 71 74 35 4 48 15 67 58 79 88 65 91 84 27 12 7 23 9 35 28 40 33 90 59 15 40 33 11 47 82 0 70 64 90 86 93 46 1 35 90  
41 34 94 45 75 36 39 94 83 46 5 15 62 31 49 69 78 35 86 4 97 6 7 56 76 28 90 7 11 4 89 4 82 60 43 29 76 67 55 47 69 28 0 13 60 25 10 53 1 7 37  
42 36 89 43 12 72 82 80 79 23 3 33 3 59 98 70 3 41 26 62 93 35 92 78 82 10 41 64 14 8 55 57 48 10 93 43 5 1 32 24 77 34 31 0 55 10 8 61 88 60 61  
43 74 82 26 67 99 22 31 56 2 3 95 44 22 80 40 11 58 53 36 71 8 90 76 66 27 96 98 38 65 38 14 4 91 71 54 80 6 16 88 8 40 17 12 0 43 25 27 78 39 14  
44 53 61 96 47 27 77 19 44 94 47 4 18 25 78 67 47 83 71 13 80 46 88 81 61 71 66 92 90 23 18 55 68 6 81 10 17 22 50 90 44 3 44 31 93 0 56 15 10 57 92  
45 80 54 56 66 24 19 90 81 32 60 68 28 71 82 43 98 100 21 18 33 15 6 49 68 17 29 92 77 18 51 52 59 23 32 68 1 16 95 4 19 59 26 83 38 6 0 68 49 31 97  
46 12 51 18 20 19 53 53 3 13 20 70 35 72 50 100 16 22 15 79 3 76 90 73 35 14 87 53 82 93 41 30 61 51 14 7 100 46 6 5 46 15 46 84 37 48 14 0 79 84 12  
47 61 63 18 58 19 87 23 93 96 9 52 98 23 38 51 10 37 66 15 26 71 30 25 76 72 75 20 84 56 52 91 66 70 23 16 66 81 88 95 9 98 77 55 18 51 53 36 0 14 50  
48 63 18 99 23 14 69 15 64 67 38 79 72 90 8 29 6 29 78 15 43 61 28 89 41 66 24 14 25 57 92 26 83 72 85 98 28 2 74 96 89 20 32 93 70 54 16 52 61 0 86  
49 8 21 61 6 74 66 73 56 15 45 33 87 66 22 63 99 79 82 93 22 11 28 10 29 41 14 46 25 98 72 32 6 1 25 99 47 24 26 10 63 39 63 39 31 51 58 49 26 93 0  
