100
0 0 87 93 12 65 30 57 94 63 48 89 61 60 64 72 95 64 85 86 86 86 66 17 45 26 72 24 38 42 11 13 64 95 8 39 49 42 38 19 79 47 32 76 50 14 70 76 73 61 34 77 6 33 52 47 91 60 5 92 90 15 33 86 39 75 71 56 21 73 65 32 86 14 28 23 52 40 37 42 24 15 41 35 68 19 34 74 55 38 70 82 7 84 35 78 48 80 56 93 7  
1 2 0 59 74 17 28 79 100 89 26 52 62 36 93 65 4 96 29 66 29 70 22 2 72 68 100 26 21 93 59 34 93 39 33 79 96 35 85 50 34 67 15 16 4 25 97 91 61 62 78 8 89 69 45 61 8 36 65 57 85 76 34 69 93 61 18 54 99 72 52 64 50 73 5 97 17 11 1 26 5 18 93 61 72 11 43 100 93 25 1 17 60 95 61 15 24 37 28 91 58  
2 88 34 0 34 99 11 42 38 56 42 78 35 33 68 25 36 80 27 87 95 60 26 17 5 10 20 70 13 82 43 60 35 61 80 71 64 61 96 31 28 94 2 76 10 36 64 11 46 20 79 55 77 4 51 9 94 41 46 87 34 19 39 90 5 72 74 39 81 77 2 91 54 77 3 75 26 66 38 39 51 17 58 89 3 45 92 92 96 43 36 49 100 88 33 54 62 4 31 54 37  
3 50 40 100 0 21 31 94 27 24 71 10 53 46 34 23 38 20 67 89 36 30 79 24 24 95 100 50 36 73 80 7 95 9 44 46 84 32 96 53 19 95 92 9 80 4 19 68 54 33 51 34 59 24 94 1 84 92 60 96 7 47 64 95 51 97 19 32 61 36 18 25 44 60 100 17 6 68 25 48 25 70 32 63 38 80 75 63 41 87 34 92 29 100 37 49 11 56 28 31 61  
4 88 59 87 63 0 26 27 31 61 59 54 19 6 50 83 100 1 71 22 70 38 35 88 79 44 87 54 27 32 3 86 85 40 17 59 13 37 26 34 96 38 69 21 1 94 49 63 81 28 16 11 46 61 13 46 39 53 5 83 47 13 41 37 91 8 59 64 13 37 52 72 6 9 65 11 50 86 68 64 59 86 1 35 83 24 24 22 78 71 25 5 99 85 99 86 25 23 57 72 62  
5 98 83 93 39 38 0 55 30 19 47 31 38 68 97 26 57 37 20 61 34 47 72 92 11 66 47 65 32 16 99 96 91 63 27 23 42 86 36 88 57 58 48 53 66 94 99 28 26 65 36 7 89 77 78 57 1 32 40 14 71 2 70 99 67 22 33 38 22 90 72 20 16 84 96 39 23 99 53 51 28 85 38 3 56 54 3 81 24 16 72 46 24 9 21 31 66 78 32 41 69  
6 73 34 78 12 82 66 0 53 77 69 39 14 69 54 88 13 66 73 41 96 38 32 87 23 42 7 27 68 95 67 36 15 44 42 30 35 56 98 39 13 97 30 56 78 93 89 87 60 47 50 44 41 14 95 64 22 37 90 46 53 39 89 100 89 69 85 52 35 44 13 63 66 6 100 26 74 58 8 7 21 84 13 82 33 65 53 25 54 50 57 92 6 61 12 13 90 99 6 47 61  
7 45 76 58 10 92 6 51 0 11 34 97 56 67 27 6 45 59 21 18 20 44 16 96 30 24 37 4 68 100 11 25 49 5 6 98 12 6 71 24 92 4 1 3 41 27 87 93 43 16 49 35 74 51 31 11 12 75 87 29 91 24 79 42 44 68 91 22 16 1 88 81 61 42 85 41 12 48 33 14 38 39 33 46 47 49 20 49 78 34 8 20 82 57 74 9 37 90 69 26 67  
8 4 14 87 21 53 56 25 19 0 43 3 29 78 73 2 96 3 74 69 12 52 50 11 71 43 87 92 59 88 50 23 85 29 78 50 65 62 8 97 70 79 7 20 79 37 2 27 26 41 88 93 51 45 82 48 79 12 28 26 74 76 5 49 7 38 44 91 24 18 83 1 52 52 65 44 86 66 49 25 10 30 36 65 95 22 91 20 73 63 9 63 51 35 14 19 32 62 45 25 50  
9 82 32 71 15 94 97 24 55 76 0 14 90 21 10 28 59 58 35 85 70 11 6 61 84 71 47 14 18 100 44 54 4 84 30 76 91 71 36 74 39 43 60 70 64 32 57 28 6 69 88 75 86 55 90 98 31 28 85 16 73 15 62 95 9 10 62 50 89 60 43 57 65 84 2 65 99 46 83 24 98 72 5 46 37 27 98 92 78 36 41 69 61 13 94 19 47 32 93 28 70  
10 90 83 65 35 32 70 18 53 66 4 0 63 24 28 29 93 98 53 84 76 89 17 26 65 97 66 93 99 18 35 29 54 53 1 64 7 80 53 83 58 72 62 71 45 67 47 25 48 61 20 38 70 26 85 6 67 13 74 43 34 55 53 92 85 99 34 58 50 24 33 51 53 39 1 5 99 39 87 9 89 59 52 85 21 11 63 63 84 17 38 35 13 81 68 59 49 46 23 44 19  
11 56 3 100 46 19 51 98 9 45 54 85 0 62 39 68 25 30 27 23 34 59 94 24 31 83 52 46 26 13 16 73 72 94 55 79 11 53 55 7 78 82 52 6 9 55 25 90 54 24 87 57 79 81 43 30 89 45 81 1 44 22 37 89 56 14 29 89 52 31 31 39 76 51 56 13 56 1 17 1 75 20 98 100 6 9 40 22 46 95 43 28 47 91 83 1 53 8 18 49 74  
12 80 79 42 94 39 14 65 24 36 32 85 30 0 94 60 42 78 80 38 94 1 84 78 6 93 45 40 47 19 95 55 51 87 35 12 45 66 91 45 97 27 3 25 94 25 9 69 50 81 2 4 76 28 21 19 97 23 15 40 57 81 20 31 7 49 45 81 74 69 46 61 93 2 22 69 9 73 21 86 13 49 90 78 30 70 37 57 76 33 42 25 65 37 50 35 77 5 61 87 26  
13 11 65 71 89 69 19 10 76 54 11 26 29 71 0 1 53 15 2 57 16 3 70 2 81 66 85 78 18 69 23 44 41 93 7 32 77 69 39 92 75 44 55 15 74 47 58 66 60 22 9 60 12 86 40 50 7 56 30 19 92 7 54 62 63 100 39 58 78 29 37 49 1 26 98 96 100 67 72 90 75 77 7 51 58 81 25 46 80 99 44 78 93 32 72 22 21 37 93 8 31  
14 53 16 71 70 96 5 3 46 70 27 84 90 71 83 0 25 25 60 38 60 87 87 70 87 26 30 35 72 96 61 58 5 90 37 6 77 9 35 5 11 76 18 93 1 38 92 63 35 18 80 71 29 96 48 54 65 18 75 20 6 7 61 62 98 6 93 95 100 58 84 30 57 80 25 92 100 66 28 73 57 27 7 72 8 83 6 78 93 93 53 27 49 58 92 65 26 87 49 93 8  
15 34 18 43 61 16 17 64 82 63 100 78 90 82 30 8 0 15 5 85 27 70 4 66 8 8 62 37 98 50 38 50 59 76 96 76 86 70 32 40 39 23 31 94 78 95 99 17 1 50 61 77 57 57 30 96 99 61 41 18 67 89 26 54 72 89 52 100 29 25 38 17 95 2 85 27 9 83 93 85 89 50 100 2 60 37 79 49 59 24 34 86 6 20 79 71 1 6 86 61 49  
16 85 76 23 38 76 46 51 79 95 72 32 33 27 40 17 63 0 51 55 36 97 26 86 89 60 47 86 55 66 24 95 95 94 70 9 84 50 8 88 83 95 58 4 8 13 32 20 40 31 31 23 57 13 98 55 78 37 57 30 16 38 83 18 6 80 26 70 71 8 35 90 69 38 29 89 44 60 58 85 24 64 64 75 92 55 50 80 67 52 35 91 72 11 30 8 94 90 83 46 72  
17 71 32 76 91 92 84 88 83 64 40 61 54 2 63 65 37 94 0 27 42 3 59 52 10 65 31 17 96 63 50 1 21 91 53 88 87 63 73 58 21 59 95 51 15 81 17 31 75 36 88 51 100 67 40 73 86 10 31 73 22 45 50 61 12 48 20 59 70 63 72 7 34 79 46 38 95 52 21 29 48 53 11 54 90 1 56 50 51 79 95 34 6 4 87 3 89 43 25 44 17  
18 1 47 17 9 3 61 26 93 17 25 40 24 60 28 36 32 82 99 0 62 30 56 31 7 49 72 57 90 90 96 8 51 36 23 92 25 49 75 39 75 82 91 14 41 36 85 19 8 83 22 32 77 41 73 95 77 90 13 63 7 47 39 29 93 8 36 40 98 87 51 34 56 42 18 40 63 11 68 24 86 18 30 89 88 67 46 98 99 18 56 11 1 83 21 32 26 29 16 59 54  
19 86 39 48 13 99 9 95 64 74 34 94 99 53 76 72 79 81 39 73 0 38 99 95 39 5 86 72 84 46 69 67 53 73 2 27 74 63 59 78 3 89 39 17 74 43 49 69 54 21 21 68 4 34 43 24 60 78 4 6 34 51 50 97 61 24 19 87 56 66 37 100 27 76 56 11 25 57 13 14 11 47 54 25 63 62 6 1 22 5 14 85 58 88 63 78 97 67 18 39 58  
20 54 62 83 33 53 29 46 28 90 97 50 23 12 4 59 6 78 54 52 40 0 89 87 87 44 7 84 78 39 17 38 88 63 98 4 36 55 39 28 80 86 61 30 76 69 61 96 60 44 8 65 68 4 32 55 70 40 65 66 1 72 51 47 80 77 14 49 65 33 11 83 11 86 99 19 66 3 30 77 5 6 17 62 4 68 19 47 80 73 93 4 83 47 64 46 21 54 23 61 7  
21 41 69 86 25 35 71 84 51 47 14 91 87 12 84 82 82 25 28 49 40 96 0 31 7 25 58 49 90 89 7 85 43 2 26 68 55 85 62 22 90 67 90 61 47 12 62 87 100 89 7 31 16 89 82 25 25 57 27 81 67 54 64 71 47 87 99 24 40 7 79 100 75 10 96 49 44 70 16 50 76 45 46 19 57 53 84 28 60 13 87 33 58 26 8 21 5 96 81 42 16  
22 23 22 96 30 79 60 75 42 100 45 70 10 2 77 45 46 67 81 3 20 23 34 0 33 6 3 9 21 90 99 24 86 88 77 75 42 84 73 51 62 2 21 51 51 19 44 74 81 18 19 4 48 23 17 40 96 83 64 89 29 89 62 52 75 19 97 81 76 15 85 74 56 39 39 44 36 58 55 11 26 2 13 100 75 71 57 41 98 54 69 25 73 30 51 60 18 73 95 97 76  
23 10 12 35 61 1 69 97 9 100 15 33 36 56 33 42 97 40 5 48 41 46 61 77 0 94 25 65 46 50 34 31 71 62 1 14 43 6 96 15 30 100 24 8 24 24 67 48 50 74 84 20 71 78 47 66 28 72 95 99 40 64 23 45 35 63 33 83 45 43 61 93 18 38 90 79 99 62 80 4 36 33 37 94 60 60 41 59 80 26 36 51 79 76 83 97 9 10 61 80 59  
24 79 91 35 90 66 2 6 16 41 73 70 59 15 42 18 63 21 9 65 87 16 58 84 39 0 57 18 92 64 48 86 91 35 82 15 21 95 30 9 35 97 50 81 59 5 31 92 18 38 57 54 18 58 43 51 90 59 3 33 84 26 57 86 78 66 10 52 83 99 18 6 76 71 61 36 1 72 66 18 81 8 89 13 43 53 51 14 29 21 71 55 46 41 60 51 91 8 8 82 65  
25 90 59 97 39 2 9 31 41 85 80 32 27 32 25 12 76 20 88 24 61 39 73 40 99 6 0 54 49 88 25 83 85 64 10 57 99 30 90 14 89 8 16 8 26 81 75 32 45 69 58 76 35 42 66 40 9 10 4 10 58 19 48 97 30 22 18 87 7 59 38 61 58 45 29 22 69 25 5 34 64 59 25 46 18 97 90 69 41 30 45 73 72 6 79 2 52 33 29 34 61  
26 97 87 54 15 75 71 39 72 44 58 81 47 60 91 36 82 12 3 76 44 61 15 94 58 32 24 0 43 43 3 8 89 77 15 81 20 67 44 75 15 96 58 73 43 72 42 49 91 53 12 32 100 55 50 28 66 97 81 56 20 96 58 43 17 20 19 64 12 14 7 29 77 75 48 28 16 75 83 15 30 98 14 43 73 5 65 78 89 48 69 54 24 58 4 73 58 30 44 88 73  
27 16 36 41 98 91 96 1 57 18 49 52 77 29 72 70 84 54 49 17 70 79 8 100 4 77 95 60 0 91 25 58 5 72 34 87 3 54 4 84 41 5 31 19 82 2 39 4 50 45 54 68 83 58 74 82 8 99 58 70 46 36 3 97 2 32 15 96 30 64 16 22 68 66 34 88 43 79 63 60 90 27 22 65 98 72 26 67 36 74 4 80 32 22 3 93 40 2 8 83 88  
28 84 77 60 37 61 41 34 28 52 81 22 68 55 69 69 40 77 6 11 38 80 11 63 70 85 81 11 47 0 54 88 16 31 51 14 73 74 8 98 84 49 14 22 73 98 48 32 22 3 76 95 22 42 98 71 2 100 64 2 17 55 51 87 79 96 69 64 36 5 15 76 14 69 60 84 92 62 15 46 49 4 10 55 76 78 28 69 29 78 12 41 72 32 14 73 40 43 53 46 95  
29 31 77 76 80 10 60 22 61 14 88 3 58 78 66 25 18 13 29 88 96 83 84 19 40 49 86 3 48 19 0 56 52 89 52 83 92 22 74 55 25 55 74 22 95 6 83 2 22 18 82 86 69 31 48 45 66 50 47 4 96 97 90 9 23 26 40 77 15 64 54 67 99 22 40 97 39 63 25 15 40 86 58 70 15 82 89 99 96 60 38 59 4 36 38 45 42 10 66 62 94  
30 11 94 20 59 2 71 86 14 18 33 47 86 24 17 14 58 14 78 93 65 64 70 100 100 94 4 43 73 81 11 0 30 11 81 90 78 2 71 34 49 60 76 91 42 12 38 71 5 26 1 7 11 35 52 91 67 91 49 80 52 20 75 55 67 5 43 61 15 30 37 62 73 14 19 31 23 14 98 35 24 8 72 15 15 88 50 56 59 41 27 41 96 72 28 14 78 80 85 45 46  
31 98 40 63 99 71 85 8 83 65 6 94 38 51 36 71 38 11 13 54 96 79 71 21 42 56 9 8 30 97 72 96 0 57 99 53 44 95 55 57 64 26 21 29 73 77 35 51 23 55 9 29 82 24 60 4 70 27 16 52 93 76 51 54 59 77 39 78 51 16 23 99 93 59 8 35 57 54 65 27 7 48 57 18 65 12 68 68 93 98 69 22 64 99 26 29 98 9 37 88 30  
32 46 85 94 8 66 4 88 13 47 8 82 47 5 15 67 38 87 16 86 78 76 14 52 14 65 71 12 60 93 57 84 66 0 22 20 4 77 72 28 88 4 88 60 58 18 23 52 62 4 99 74 30 5 52 27 72 11 70 97 30 83 83 40 68 47 40 97 44 19 41 13 31 61 32 46 42 18 42 78 87 34 56 81 84 1 31 97 80 91 67 40 65 57 1 37 6 97 87 50 42  
33 76 76 34 13 57 92 81 70 61 69 56 92 37 23 30 20 52 89 19 70 26 28 33 76 55 11 80 33 44 40 38 74 6 0 26 79 62 100 8 81 93 84 24 19 90 93 56 15 90 92 5 5 4 23 88 2 7 9 86 46 76 15 34 18 1 22 42 80 38 98 71 54 81 7 33 85 65 50 2 19 94 78 3 44 41 95 36 6 82 30 5 86 37 47 26 36 97 92 17 50  
34 1 67 33 1 49 73 29 77 29 60 29 58 49 85 17 35 73 22 19 90 77 92 90 100 11 40 32 74 19 31 55 76 44 86 0 39 21 29 43 19 67 95 42 35 73 85 79 48 22 92 92 42 4 48 77 66 64 58 70 59 4 75 49 95 58 57 45 21 7 69 66 49 72 41 89 1 35 51 70 11 30 21 89 33 51 35 98 67 67 6 45 3 24 54 36 85 9 62 98 70  
35 10 2 76 43 83 77 61 6 9 12 32 56 57 50 72 11 67 58 79 37 40 83 8 54 100 26 37 51 52 81 38 99 82 2 93 0 94 8 77 90 80 53 10 51 43 17 35 71 52 81 53 4 24 64 13 12 85 56 45 84 54 55 36 60 79 63 34 27 74 96 19 44 15 57 43 99 73 34 26 44 57 52 77 4 50 58 20 41 3 6 45 29 33 63 13 30 75 62 74 37  
36 90 74 41 90 24 4 85 42 54 43 12 96 50 97 60 37 14 58 28 51 65 36 12 76 29 35 30 50 39 42 83 2 63 50 85 70 0 79 71 30 27 1 56 77 62 46 62 56 5 86 8 93 66 90 18 81 48 33 39 74 25 46 31 99 23 48 41 54 94 75 29 53 85 35 65 5 16 18 25 27 37 11 33 36 14 16 22 32 58 67 24 93 95 65 54 16 88 78 10 52  
37 75 65 46 42 73 87 75 45 32 94 22 59 13 8 100 43 26 7 46 96 70 31 12 3 72 87 26 72 68 24 65 83 96 92 19 5 63 0 94 97 47 60 93 83 14 64 1 89 100 3 88 49 23 32 34 78 52 72 28 27 89 57 35 22 15 75 57 35 30 50 99 59 57 46 95 2 38 80 96 93 25 17 3 52 40 15 24 99 20 10 94 30 6 1 31 14 48 2 52 14  
38 21 48 55 98 89 10 33 66 94 63 95 79 36 8 23 70 27 45 20 37 87 7 47 70 7 65 39 16 50 70 56 68 62 87 85 97 89 74 0 67 92 26 6 14 27 47 19 73 15 44 28 87 95 65 87 75 11 28 69 28 13 53 39 9 6 25 24 91 80 100 96 12 91 25 57 42 66 8 32 40 23 100 97 61 57 30 78 23 77 20 85 73 3 53 77 8 63 58 63 78  
39 56 97 74 41 99 37 11 42 31 66 29 97 63 21 64 84 84 58 76 27 21 17 37 23 64 83 16 41 36 61 96 60 4 94 2 17 85 17 90 0 52 2 1 63 44 62 80 69 75 47 26 12 10 58 34 36 69 16 1 95 51 51 18 71 93 88 94 17 97 75 74 96 45 43 57 58 4 8 1 31 92 31 72 92 24 29 4 15 44 89 72 87 7 62 58 83 4 12 41 22  
40 25 63 62 54 43 55 78 5 90 22 25 27 100 62 38 54 43 73 37 58 16 97 57 40 100 17 95 21 30 97 71 27 36 97 18 44 70 57 8 2 0 5 47 2 86 6 82 94 39 28 86 98 69 32 28 78 66 15 58 91 89 47 34 24 6 22 24 30 94 58 10 87 79 13 91 38 54 23 42 46 94 6 96 31 40 44 12 29 81 24 91 56 11 38 68 36 76 36 84 34  
41 55 13 17 59 5 32 23 51 67 38 39 96 69 19 92 65 46 82 99 1 40 90 48 20 99 27 82 43 53 50 13 83 33 50 98 28 88 4 74 43 15 0 80 12 14 46 3 57 6 52 75 9 13 33 70 91 90 84 16 4 82 89 31 76 75 50 55 13 2 100 29 100 97 36 16 81 67 82 19 67 47 74 2 8 59 86 7 74 89 84 38 78 19 75 32 64 28 15 25 3  
42 18 20 64 22 12 91 91 43 23 1 19 63 29 84 9 46 22 96 6 16 59 69 12 25 51 37 100 29 72 60 27 87 78 30 92 55 38 96 53 41 78 99 0 10 12 75 70 52 10 90 94 58 94 91 95 87 72 15 5 40 88 89 32 37 93 51 80 51 7 70 83 93 27 100 72 57 10 56 7 28 5 15 86 16 15 21 8 94 31 37 44 12 48 42 37 41 98 42 91 2  
43 83 88 40 75 65 17 55 83 46 26 61 9 10 13 42 51 15 69 71 31 23 83 90 99 49 42 61 61 53 14 54 67 81 20 6 73 68 25 17 69 38 24 78 0 70 17 36 72 32 54 7 99 42 11 47 14 10 55 51 81 61 22 34 63 54 63 78 74 96 55 88 34 50 1 98 95 63 94 64 86 47 61 51 29 76 7 59 94 80 95 44 61 82 82 68 80 67 17 86 92  
44 99 27 30 14 23 76 52 100 50 26 14 100 7 51 37 85 25 32 42 40 30 24 81 12 3 52 47 75 29 26 89 24 76 58 47 73 72 65 2 68 28 36 64 68 0 85 41 14 75 16 52 92 33 7 91 70 40 10 64 98 14 56 66 41 90 27 6 28 58 40 99 80 28 72 96 27 40 72 70 12 94 22 14 97 25 16 43 67 63 28 62 51 37 21 13 51 61 61 71 99  
45 22 92 71 66 29 28 55 80 46 57 78 48 60 22 71 49 4 52 84 44 58 95 99 1 90 20 32 40 31 26 32 82 90 87 67 92 69 52 40 1 76 79 61 19 39 0 69 93 4 93 68 50 58 85 19 10 40 15 76 22 46 78 45 45 31 19 38 38 2 4 5 23 100 94 39 80 67 88 55 23 82 21 8 70 43 60 47 72 60 98 66 3 23 99 15 10 4 72 16 57  
46 60 44 91 89 83 70 60 90 58 47 79 54 71 85 35 35 52 46 4 8 86 53 57 64 5 14 7 75 83 48 86 66 75 12 53 29 92 7 24 39 30 12 17 20 23 51 0 78 98 21 69 54 50 40 73 78 16 78 58 66 97 58 14 32 64 5 91 76 19 66 76 100 39 13 62 18 67 58 55 48 5 67 31 32 78 79 81 44 67 41 92 75 12 76 43 97 75 60 46 83  
47 44 77 90 18 95 14 34 38 55 92 71 86 98 56 61 18 49 23 39 64 90 77 25 63 66 57 43 17 60 30 65 39 31 60 93 98 43 89 80 4 19 42 9 55 81 70 39 0 66 30 93 77 34 11 20 55 62 53 81 26 49 34 89 19 51 20 89 69 15 41 77 8 89 7 54 82 40 16 72 96 65 69 7 64 9 61 13 98 11 8 64 4 9 9 23 38 32 99 63 69  
48 38 15 68 78 68 43 46 38 53 33 9 22 18 23 51 36 37 25 88 92 27 48 86 28 68 58 38 64 70 65 50 19 91 16 65 37 94 68 96 65 29 51 43 19 98 95 7 37 0 20 85 89 59 97 95 27 55 59 51 21 98 24 25 82 41 21 57 20 51 27 60 82 15 25 87 85 80 88 33 93 7 83 52 76 45 18 60 63 5 2 51 72 60 31 32 28 32 68 12 38  
49 74 30 50 83 83 92 84 27 53 74 62 24 61 49 99 61 76 57 20 74 74 72 15 11 86 98 84 82 55 61 52 65 11 44 7 74 62 35 14 13 33 88 85 11 16 88 56 1 69 0 27 5 100 58 5 97 2 36 10 60 9 48 56 70 70 22 84 81 65 85 85 45 67 74 31 18 36 24 100 53 2 27 11 86 86 88 62 76 29 21 90 77 38 13 96 96 1 86 71 67  
50 31 85 31 70 61 46 15 53 78 77 10 14 89 40 34 47 70 69 27 97 56 6 35 69 63 28 82 81 23 1 32 6 12 69 16 80 51 42 91 31 13 31 98 22 35 14 96 85 26 41 0 3 94 31 43 17 79 77 99 6 41 82 53 72 13 80 8 77 60 77 6 84 99 17 17 99 57 26 14 68 71 92 12 91 70 14 68 15 63 9 11 19 53 8 47 98 84 7 81 74  
51 89 23 34 25 86 66 68 10 23 32 52 31 89 74 94 78 14 86 73 13 22 14 11 25 88 43 75 63 27 29 69 90 7 62 45 91 63 68 52 14 93 39 32 72 72 6 3 77 84 5 1 0 41 99 83 89 25 10 17 12 91 27 50 88 66 50 8 9 58 14 64 73 24 61 49 73 20 91 26 22 24 27 80 49 64 18 74 67 39 16 36 28 45 47 71 26 33 83 31 48  
52 17 3 24 75 71 54 13 17 11 98 33 76 78 23 40 1 25 79 74 38 10 93 26 69 66 28 58 70 48 29 45 75 60 35 53 1 12 89 26 26 84 93 63 21 24 77 87 61 37 31 3 66 0 11 93 62 8 33 24 80 50 22 76 52 50 25 29 88 33 31 16 74 45 59 17 12 85 37 24 15 17 91 61 81 51 33 60 32 1 99 33 34 92 92 5 94 24 53 81 99  
53 21 63 10 52 42 25 90 80 99 49 24 59 80 17 6 60 92 61 35 40 60 91 63 50 65 54 27 5 35 95 100 20 54 72 44 72 4 14 10 63 65 50 1 42 12 83 81 24 99 34 85 74 80 0 46 68 94 69 91 10 96 69 8 5 17 56 80 81 98 5 29 19 25 85 86 76 66 95 71 74 57 46 21 75 38 79 4 14 25 75 11 22 95 3 59 92 92 18 60 81  
54 6 71 19 40 58 68 93 61 50 98 62 25 7 10 74 28 16 91 48 45 70 29 48 24 41 33 18 38 39 74 51 100 56 47 35 37 26 90 100 62 62 77 19 47 22 75 8 96 8 41 2 15 59 73 0 23 3 32 6 97 62 60 54 7 55 88 33 70 23 54 63 59 85 18 39 3 67 82 24 60 27 98 4 64 90 83 24 87 12 39 92 17 64 82 63 12 25 63 48 28  
55 53 32 38 13 57 18 14 93 90 100 47 89 30 51 42 3 17 66 30 42 26 54 45 38 53 1 41 7 15 51 66 80 91 85 100 94 75 42 16 99 94 54 34 16 8 49 5 34 17 32 82 16 53 82 6 0 95 83 77 63 20 91 9 77 10 54 38 41 60 89 54 46 45 45 86 46 48 25 53 95 39 57 37 70 62 93 9 71 65 57 70 75 6 51 74 94 75 61 77 17  
56 24 49 66 92 92 79 6 47 86 78 44 66 14 49 1 20 56 11 40 52 59 16 72 59 78 19 100 81 71 80 24 60 25 67 75 93 44 46 56 4 86 50 17 58 92 85 80 97 33 30 95 84 38 50 7 68 0 3 45 89 90 1 28 66 65 93 78 55 79 76 40 43 55 95 61 79 37 81 34 58 1 82 2 43 21 98 26 31 90 74 11 92 93 78 92 86 70 80 50 100  
57 96 73 36 38 6 17 20 92 14 28 7 87 68 86 8 98 69 42 56 69 49 74 24 76 45 54 8 6 13 95 43 52 77 26 51 83 66 50 34 95 56 89 64 52 74 50 55 62 89 14 65 39 8 12 89 91 27 0 20 25 73 67 42 82 1 42 68 48 45 83 43 67 47 52 30 74 35 58 69 15 49 61 4 52 30 64 84 69 100 67 44 34 71 12 8 14 85 62 70 99  
58 96 73 43 52 86 42 17 52 85 1 64 85 57 16 33 65 27 86 13 24 19 49 99 71 80 27 46 55 30 35 13 24 4 87 16 75 35 53 62 23 51 87 47 92 65 76 72 97 80 75 12 7 76 45 33 52 80 98 0 59 9 3 35 17 88 69 83 18 91 30 99 50 57 75 100 85 56 68 79 58 47 43 42 16 100 83 10 1 38 19 11 12 13 91 31 77 98 91 51 66  
59 9 91 46 8 4 7 96 34 26 12 50 42 31 95 30 86 82 100 53 100 64 73 23 24 31 64 75 26 7 70 88 32 7 86 79 33 23 90 66 47 81 88 69 46 42 51 18 73 90 71 6 65 47 54 62 8 17 73 71 0 75 14 2 58 11 52 100 74 1 55 100 39 64 25 40 99 30 83 61 55 86 58 20 17 73 81 71 55 100 61 18 11 41 27 20 96 59 76 31 87  
60 23 47 44 15 13 90 24 62 99 34 36 97 24 13 24 54 76 40 66 40 23 42 79 6 11 34 82 40 86 4 96 66 88 27 100 26 48 41 48 92 65 92 88 64 76 11 69 8 97 72 12 15 94 5 56 89 86 36 54 32 0 93 55 91 74 59 36 7 12 84 33 68 50 43 91 61 52 22 5 28 21 37 39 50 21 88 16 29 44 2 40 58 81 7 14 65 32 37 56 5  
61 44 55 51 20 80 94 50 99 20 33 6 58 19 67 15 18 2 2 77 95 75 6 70 24 71 42 19 44 44 34 54 30 36 54 5 93 78 49 62 42 70 38 22 25 19 67 52 54 2 91 80 28 6 82 27 74 50 6 80 42 34 0 97 31 54 34 64 73 89 63 81 1 34 68 56 54 19 56 27 44 61 36 100 48 25 80 59 54 2 37 64 92 18 50 86 9 46 87 25 55  
62 25 5 6 50 11 87 28 65 39 16 73 1 6 58 1 29 95 62 37 75 27 25 36 20 79 19 66 51 8 50 39 82 70 26 75 69 49 2 21 15 100 9 73 7 27 54 17 35 96 36 24 90 4 6 1 83 19 27 9 97 5 45 0 24 46 6 71 84 35 17 27 60 57 72 28 72 60 55 49 68 39 2 38 66 12 91 44 96 33 77 12 94 36 73 66 28 67 31 4 3  
63 31 53 72 61 70 34 53 18 2 90 39 95 8 35 56 90 1 3 71 12 15 77 31 42 63 77 43 56 25 60 4 73 22 59 90 59 66 82 52 2 52 96 19 98 2 1 1 90 55 96 23 2 68 55 59 13 22 79 6 31 65 20 45 0 81 46 69 69 19 13 32 13 20 11 37 27 64 81 55 71 2 56 18 71 6 28 67 62 10 34 77 59 42 91 93 81 12 57 17 1  
64 60 12 76 39 82 85 9 97 74 62 64 44 8 63 85 92 55 91 81 22 5 30 66 8 97 33 6 53 37 86 69 9 59 22 26 59 61 65 40 70 32 92 82 25 21 44 50 66 73 82 17 8 51 86 5 27 59 21 67 93 58 10 91 27 0 83 100 74 53 48 48 90 90 33 80 44 2 3 16 23 5 5 20 7 44 4 59 92 62 21 10 36 12 87 48 46 53 93 28 96  
65 85 69 80 88 36 93 61 66 50 54 70 85 96 23 18 3 38 27 16 82 27 94 17 53 48 13 64 30 92 68 17 17 43 56 48 88 94 25 31 12 99 14 79 16 93 86 18 1 22 25 65 35 7 19 53 10 55 28 3 39 48 17 40 75 98 0 86 20 83 46 93 18 66 27 30 89 61 54 47 58 86 7 9 98 39 57 56 90 11 74 35 20 64 65 36 99 27 76 7 41  
66 30 17 88 75 57 39 22 30 62 40 13 70 84 98 100 48 86 67 24 64 12 1 7 79 3 54 12 89 10 55 42 2 83 67 91 85 63 19 55 6 29 15 53 12 9 15 89 62 28 31 99 72 81 48 27 60 12 32 58 34 10 32 88 35 64 56 0 42 57 45 42 97 99 5 79 23 74 87 2 45 29 53 14 15 69 75 50 20 84 49 51 73 19 97 95 16 21 92 83 31  
67 61 15 38 91 7 93 35 2 72 64 51 76 52 49 48 29 75 24 61 14 86 3 67 86 91 90 79 3 19 18 86 85 67 34 85 22 33 3 92 63 80 99 45 61 43 64 37 92 71 14 87 48 10 30 36 12 58 52 9 36 29 64 67 42 67 40 16 0 13 98 6 27 1 8 63 17 57 94 19 88 5 32 11 21 66 49 87 21 60 56 37 30 72 99 9 67 39 83 59 51  
68 65 61 6 81 69 55 18 55 27 42 28 11 35 94 97 79 22 34 56 88 26 18 40 72 47 22 37 65 99 1 29 97 49 66 71 77 42 50 99 99 76 34 40 16 32 90 2 56 73 82 26 35 33 3 41 19 32 33 64 43 39 33 8 48 78 30 36 30 0 21 48 98 77 11 30 36 56 76 11 72 10 22 47 82 35 94 96 72 41 76 49 2 51 98 17 31 82 8 83 72  
69 63 65 1 83 1 21 99 63 47 100 45 38 43 6 67 6 28 12 16 77 60 34 29 63 43 37 91 18 64 30 68 8 69 23 57 74 38 30 92 64 80 64 9 8 48 44 90 16 89 12 3 48 90 3 9 27 9 47 82 5 14 81 70 13 76 99 21 39 41 0 37 33 53 13 15 46 9 5 22 74 59 35 81 65 97 89 18 41 70 42 69 51 75 4 36 23 15 84 56 32  
70 30 18 15 63 73 72 62 28 51 77 36 57 83 15 60 67 16 42 56 50 69 5 75 49 30 26 80 66 46 93 83 19 80 25 11 65 63 58 100 55 25 86 23 86 31 47 80 4 77 16 68 43 98 100 88 24 85 91 100 23 3 6 55 41 3 9 14 31 1 39 0 86 24 71 34 95 22 85 55 67 1 5 37 79 36 98 61 92 84 5 96 29 91 44 68 9 18 64 4 19  
71 69 26 51 64 22 78 46 35 36 56 33 30 72 38 11 21 26 10 61 29 2 68 61 39 49 31 87 36 30 76 92 27 96 78 69 1 2 16 66 68 44 84 76 43 31 98 67 1 84 4 44 61 73 71 90 73 17 22 79 53 90 69 14 17 75 93 70 93 42 6 94 0 61 74 81 15 34 54 19 21 32 30 86 54 76 62 26 39 19 96 11 60 67 69 53 26 38 47 43 3  
72 21 16 84 77 87 99 20 19 22 39 23 73 1 25 59 6 55 51 94 51 70 65 52 17 8 63 54 75 14 94 33 49 61 96 3 21 58 2 39 28 48 20 44 78 37 44 90 85 33 62 49 59 94 12 3 8 97 36 50 91 44 51 93 63 12 76 61 16 97 80 79 49 0 48 53 64 78 7 39 81 16 71 71 16 79 99 6 87 91 80 77 64 24 1 87 92 68 27 82 76  
73 39 96 3 12 96 9 24 18 99 88 43 67 21 53 48 72 47 31 25 88 63 93 2 4 47 96 60 99 55 54 2 46 86 61 93 7 79 15 15 18 22 96 95 12 92 86 63 36 87 49 96 62 23 95 89 57 48 18 65 76 89 96 14 17 72 33 46 98 87 71 69 96 15 0 90 15 48 99 3 12 15 6 47 16 25 9 39 80 97 39 58 78 89 2 45 64 88 35 95 100  
74 23 4 73 91 32 97 99 35 39 72 59 17 31 70 97 3 29 59 97 42 79 83 21 20 100 30 22 56 34 97 72 77 80 90 72 44 86 42 94 68 13 17 35 64 51 93 44 48 58 14 68 4 35 30 15 90 39 45 35 88 85 99 95 9 3 37 81 24 2 76 24 97 66 72 0 2 32 63 44 72 52 92 54 8 24 22 14 55 32 64 54 15 54 84 73 70 34 23 8 99  
75 51 8 12 40 59 58 49 21 30 67 11 40 65 15 59 98 57 2 28 97 98 5 38 87 45 23 30 41 10 35 72 87 42 12 82 35 60 82 94 76 93 11 37 81 13 72 17 6 80 28 79 6 93 21 9 30 42 42 8 97 32 73 97 25 76 70 74 13 26 96 58 10 53 63 84 0 3 100 41 47 27 3 64 97 54 25 68 55 49 23 33 61 98 13 96 23 88 25 91 91  
76 45 89 25 92 24 2 71 98 53 40 35 6 14 97 27 96 85 16 70 28 39 63 100 30 79 40 100 26 36 58 61 26 47 27 58 53 41 93 31 48 51 95 31 90 75 94 43 82 85 68 83 51 22 95 99 43 13 45 9 85 26 2 54 91 12 66 49 33 74 77 55 54 94 5 3 31 0 9 19 26 5 81 28 95 22 35 17 67 48 83 72 15 49 70 49 20 18 100 38 56  
77 27 62 95 71 91 18 84 61 93 72 95 70 41 7 17 26 35 16 52 54 44 14 46 78 39 35 84 97 59 50 89 62 69 2 85 92 21 98 62 12 15 81 2 53 88 35 5 96 91 21 84 97 21 70 98 86 72 14 86 35 50 39 45 86 93 46 49 40 22 55 11 27 3 72 21 33 25 0 51 6 57 94 33 62 81 49 18 9 64 43 59 99 36 82 87 74 82 36 37 47  
78 93 95 76 49 80 67 40 55 52 51 40 44 26 83 89 29 36 57 6 1 62 47 9 24 15 68 53 90 97 42 75 33 73 60 30 6 6 20 38 40 33 55 33 21 53 67 52 85 12 25 88 76 69 15 60 60 36 4 1 51 15 87 21 61 54 56 20 21 77 45 77 68 16 45 67 19 52 95 0 43 31 40 84 85 14 6 12 37 99 47 74 8 28 84 19 55 75 58 45 95  
79 15 61 28 90 32 89 81 53 66 37 13 74 58 31 88 68 73 55 46 52 61 76 14 22 70 84 89 17 81 55 69 7 51 90 91 100 83 88 42 9 28 90 41 76 54 83 43 10 55 34 89 8 31 3 47 62 35 27 50 69 49 32 29 51 69 100 27 92 34 1 61 59 91 53 69 78 36 71 42 0 58 8 94 52 98 16 88 18 25 30 25 94 66 74 25 45 96 89 55 64  
80 70 92 96 26 72 47 40 88 59 46 91 29 70 90 46 81 5 57 7 55 14 100 54 13 86 17 50 89 49 12 88 66 97 25 89 41 52 34 94 93 96 27 15 35 38 7 8 26 42 53 52 42 74 43 27 39 97 93 7 17 95 77 25 37 94 33 48 2 14 2 22 49 16 40 3 82 35 38 23 8 0 37 64 63 47 89 62 82 35 60 86 80 8 57 8 31 80 36 73 22  
81 17 79 46 66 56 76 83 95 4 5 12 71 83 81 82 33 25 14 9 28 7 55 4 33 95 32 2 35 36 96 100 73 21 10 39 1 53 19 79 47 62 31 32 64 42 54 56 64 54 85 13 6 93 25 52 78 62 60 38 95 18 29 94 83 99 8 64 99 82 82 12 95 32 6 14 42 83 61 33 78 60 0 40 45 18 2 99 61 79 45 84 68 5 3 52 32 46 55 17 85  
82 96 85 93 63 95 46 61 54 49 4 30 53 45 92 92 57 38 13 1 24 81 4 24 29 55 78 73 53 8 49 20 74 33 43 31 71 16 19 5 57 93 74 13 85 19 17 96 14 1 8 74 95 42 14 41 64 71 30 55 21 95 57 41 84 8 8 9 73 40 25 82 6 46 97 52 24 98 25 45 87 42 73 0 22 60 7 72 35 97 40 46 86 33 49 10 13 78 26 64 54  
83 31 5 18 15 66 49 17 14 98 36 90 10 64 63 61 6 63 1 30 49 61 86 23 80 76 29 62 8 97 19 2 91 71 57 43 64 39 36 9 57 91 96 5 65 73 99 100 10 6 30 56 96 3 60 21 2 34 74 47 5 27 56 16 31 13 62 96 66 15 80 91 61 52 94 18 94 27 46 14 73 27 84 42 0 100 79 52 76 51 20 42 90 25 34 99 100 11 39 2 92  
84 97 54 18 45 99 25 26 29 23 9 36 71 64 54 70 27 56 25 45 87 73 72 36 66 96 94 14 87 27 91 39 37 40 30 48 60 67 44 39 58 45 52 1 2 2 9 71 45 68 90 23 95 76 93 44 77 16 25 63 49 62 40 84 49 52 65 72 91 84 43 28 12 2 99 69 12 4 46 61 42 49 29 71 9 0 61 12 2 1 64 61 76 53 25 87 33 41 33 23 56  
85 100 95 49 38 84 6 38 36 41 37 44 23 87 83 83 3 7 16 55 62 43 22 46 79 13 15 23 61 73 54 42 66 85 99 50 26 55 77 33 94 1 66 44 93 4 61 94 32 37 20 73 93 59 47 34 34 3 21 72 94 60 59 48 97 44 89 31 68 54 6 65 4 4 7 49 87 32 84 61 74 53 77 46 41 25 0 34 91 100 40 26 19 75 72 37 68 13 15 49 35  
86 56 4 97 53 24 65 3 23 69 1 60 17 42 73 49 51 39 5 24 96 33 8 31 70 24 95 16 83 10 34 82 3 31 76 23 65 11 6 87 58 23 25 68 12 10 91 53 23 4 10 92 38 57 95 67 71 50 6 27 44 48 83 52 33 79 61 100 14 22 81 82 43 77 73 64 9 92 33 32 30 30 13 27 84 28 92 0 87 54 39 65 15 19 19 36 49 23 37 72 51  
87 55 12 51 37 25 11 65 41 76 94 96 84 29 30 66 88 14 34 61 99 82 60 52 95 52 83 79 82 65 62 73 41 56 100 75 23 81 54 40 39 66 94 15 1 43 65 13 8 84 63 96 2 11 69 34 56 100 96 94 22 41 89 16 37 98 76 23 37 49 80 96 65 6 30 60 96 20 46 82 95 63 67 98 57 61 99 1 0 30 94 50 6 26 33 65 72 20 4 90 93  
88 62 63 18 43 72 36 76 37 9 73 64 84 64 98 98 6 43 81 32 91 52 83 33 70 81 49 28 66 41 42 28 58 79 83 9 50 15 40 71 23 99 73 61 56 72 13 73 58 33 10 38 97 2 21 34 84 57 59 93 75 61 29 5 26 52 99 44 69 95 47 51 66 87 52 28 86 46 45 42 64 22 52 95 67 65 11 71 10 0 86 93 24 97 44 88 37 9 8 61 26  
89 7 51 32 20 46 16 75 37 14 91 9 87 69 99 40 37 32 69 98 66 17 57 78 100 80 97 23 40 87 60 49 81 90 28 48 78 50 87 65 76 32 18 29 86 25 40 65 75 46 45 76 33 77 18 3 87 30 36 82 26 43 83 69 12 64 82 90 61 36 24 70 81 88 44 78 89 16 80 15 4 15 34 43 26 62 36 47 28 69 0 51 58 43 34 6 23 70 62 40 66  
90 69 26 74 74 8 49 97 35 6 98 43 6 70 64 20 86 91 84 40 22 52 75 67 22 67 80 17 74 25 68 35 64 66 17 45 82 89 100 40 96 51 94 47 83 64 73 22 58 46 54 14 32 65 42 91 59 43 45 27 47 96 22 78 81 84 73 66 97 44 81 13 66 63 2 97 17 30 5 4 33 38 57 64 46 96 87 97 59 13 89 0 36 61 15 16 86 28 20 97 25  
91 52 37 84 34 60 54 52 92 9 24 14 3 59 11 81 93 23 49 13 37 64 86 47 5 64 30 93 14 57 36 27 97 69 53 56 52 6 63 44 50 86 54 70 63 94 44 46 55 87 84 42 36 90 71 20 50 64 41 18 27 69 93 37 19 70 86 63 34 13 100 20 19 72 76 98 67 12 83 80 63 23 6 48 26 31 38 17 78 34 60 79 0 64 7 52 4 50 3 17 55  
92 46 27 68 83 100 51 94 42 8 60 3 78 88 42 33 28 14 29 61 11 54 37 84 76 3 60 71 76 71 78 11 37 64 47 7 80 53 4 61 34 17 35 81 5 26 84 71 30 13 68 42 49 65 33 23 69 29 26 76 36 58 33 42 69 41 46 86 56 61 70 47 57 3 7 55 97 63 54 38 22 42 42 87 46 24 79 38 1 4 19 90 6 0 6 68 72 94 33 10 75  
93 63 33 18 37 49 78 62 66 94 73 79 36 91 98 61 31 53 35 90 6 1 28 94 68 8 72 41 44 78 39 34 75 53 32 46 32 100 97 28 54 36 56 19 48 79 16 44 73 59 89 11 49 89 8 20 68 3 99 78 81 71 64 26 54 17 15 12 46 51 20 44 23 35 5 59 74 80 37 88 15 88 38 12 45 65 61 76 9 87 92 62 25 10 0 55 75 45 81 93 36  
94 13 2 84 30 10 6 99 82 93 7 13 100 56 4 92 31 80 21 43 18 11 92 42 70 31 19 65 76 78 7 39 32 80 100 33 14 49 98 12 96 71 28 67 36 60 34 80 27 28 32 81 14 58 21 34 77 71 42 89 5 87 28 44 78 74 51 82 5 78 67 5 5 87 62 96 93 91 48 93 25 76 28 15 81 2 80 75 15 97 42 60 51 66 80 0 62 77 77 73 88  
95 22 27 37 64 42 37 19 39 13 45 16 44 44 59 91 54 42 27 11 66 84 49 37 21 45 13 34 66 30 16 11 19 29 98 67 1 66 29 21 9 18 50 79 4 96 31 22 86 34 13 59 27 73 75 61 90 31 19 100 90 28 99 61 10 2 22 23 16 2 92 17 57 8 67 45 67 90 59 45 66 72 9 40 37 1 11 39 20 30 79 56 90 95 86 2 0 41 62 63 35  
96 68 97 100 71 80 94 54 30 17 29 59 67 31 80 29 37 69 17 6 78 77 9 51 83 14 47 85 40 33 73 16 76 5 95 42 71 9 96 4 81 100 41 31 18 85 98 50 8 82 27 26 8 33 12 62 33 32 29 52 93 46 45 11 50 100 4 94 88 53 82 42 19 13 22 55 44 42 7 85 7 29 38 84 79 31 95 100 94 39 48 59 2 15 100 7 100 0 53 93 45  
97 15 64 33 54 68 46 57 96 14 61 34 44 31 17 79 13 25 60 27 21 21 21 73 62 31 49 37 32 8 47 21 97 28 61 68 34 84 15 97 32 16 32 19 69 76 47 12 55 68 44 19 81 11 55 99 97 60 95 1 78 52 63 80 72 95 41 91 64 99 24 82 24 89 28 11 34 9 42 56 72 49 50 28 32 60 8 82 85 20 78 46 1 53 68 23 36 100 0 11 47  
98 2 77 36 53 16 95 92 5 49 36 84 27 42 63 86 57 62 68 68 42 92 69 62 42 94 99 23 97 11 47 12 95 31 85 3 41 69 48 73 41 85 95 42 5 23 92 70 18 88 39 21 60 36 45 82 33 43 50 43 74 28 27 100 3 34 64 2 43 89 13 30 35 45 95 46 27 90 2 19 3 28 13 36 11 83 41 86 42 69 97 37 27 71 17 30 83 65 86 0 69  
99 13 2 78 96 52 3 84 16 29 67 82 100 49 63 65 44 63 15 37 91 5 61 9 37 18 35 49 38 32 3 99 59 1 46 83 74 100 94 46 59 69 94 72 14 35 78 8 31 85 94 100 57 34 37 51 62 42 38 39 97 49 32 46 89 54 43 87 13 61 86 96 80 41 90 32 40 89 83 26 41 100 70 16 51 54 15 61 92 84 7 23 55 51 64 49 98 13 64 35 0  
