100
0 41 17 34 0 19 24 28 8 12 14 5 45 31 27 11 41 45 42 27 36 41 4 2 3 42 32 21 16 18 45 47 26 21 38 19 12 17 49 35 44 3 11 22 33 23 14 41 11 3 18 47 44 12 7 37 9 23 41 29 28 16 35 40 42 38 6 40 42 14 48 46 5 40 29 20 0 6 1 43 48 29 23 34 4 6 40 16 26 31 8 44 39 26 23 37 38 18 32 29 
41 0 33 15 39 8 4 30 27 6 23 36 21 45 24 22 20 29 27 23 47 12 36 40 11 36 5 17 5 24 31 2 0 0 41 24 16 30 7 41 7 37 7 37 3 33 45 9 9 8 21 38 22 46 6 30 13 18 0 41 12 5 10 9 24 37 48 33 45 41 2 0 41 36 24 20 46 21 48 49 18 34 31 34 3 49 18 38 0 38 27 17 28 43 48 33 7 21 10 17 
13 14 0 9 16 35 1 0 49 19 6 48 3 24 8 44 9 39 2 45 35 43 43 23 37 14 3 48 0 8 18 30 46 48 31 39 48 9 7 22 22 38 42 38 29 40 7 8 41 15 38 6 11 2 34 22 5 28 46 12 36 25 33 19 42 44 16 31 48 22 1 21 49 7 26 42 39 25 12 0 10 3 19 11 38 1 39 5 23 2 35 32 35 38 26 17 7 32 32 19 
4 21 39 0 26 29 18 42 25 5 34 49 41 12 45 10 18 3 39 23 29 46 37 29 49 37 16 49 43 45 47 16 36 5 38 32 5 34 14 1 16 21 36 13 13 5 35 3 12 8 32 45 13 6 21 8 46 32 31 44 46 22 29 11 35 0 23 16 44 9 42 39 3 24 4 10 45 49 36 13 24 22 18 18 37 5 8 41 2 25 27 14 14 24 34 24 22 9 33 20 
37 47 18 27 0 23 20 13 18 42 35 2 30 13 27 2 49 27 25 43 24 23 22 11 31 3 32 5 43 25 31 42 42 22 36 14 0 37 10 13 24 20 20 35 33 11 10 46 17 35 0 40 44 45 24 19 25 26 44 8 2 21 16 28 43 1 34 18 14 19 2 0 37 10 26 10 7 20 15 26 27 43 8 14 9 32 36 15 37 27 24 25 27 29 28 23 20 2 12 23 
46 37 11 45 25 0 14 10 2 16 30 26 11 21 11 47 3 20 40 24 38 13 40 1 12 29 0 13 8 28 15 7 27 0 8 39 3 10 7 24 27 8 13 37 1 0 10 28 43 34 5 40 11 4 35 6 22 0 23 35 6 16 26 7 26 7 37 21 19 11 46 22 17 12 17 46 35 41 23 29 29 15 9 32 46 5 3 12 34 34 4 22 7 19 32 13 7 33 11 35 
17 48 25 38 23 42 0 4 11 41 25 9 25 21 20 26 34 5 33 0 48 29 1 43 34 37 34 6 43 26 5 12 48 31 0 13 41 5 5 42 12 11 27 24 28 2 43 46 23 40 13 25 22 18 10 17 32 12 45 19 31 40 38 35 40 47 39 40 45 3 14 1 40 44 8 35 9 42 5 14 31 3 29 25 8 42 47 49 6 11 27 17 41 29 40 13 24 1 27 15 
33 13 42 24 1 42 9 0 20 28 27 34 25 36 48 20 37 47 4 3 21 13 6 13 10 21 39 40 14 42 19 13 41 4 18 32 0 5 25 39 3 22 48 47 34 48 21 14 13 25 45 12 46 28 19 12 19 35 39 44 15 40 45 8 18 20 1 23 32 22 2 37 20 13 1 3 23 27 0 19 15 15 28 43 47 38 43 37 9 13 49 31 38 42 8 10 21 8 4 38 
46 40 49 43 30 20 48 17 0 36 33 35 26 35 38 3 29 24 48 23 9 7 16 44 5 18 26 11 25 5 1 49 46 34 15 14 42 25 13 42 46 48 22 26 6 23 29 4 5 26 12 25 43 15 36 36 41 14 44 6 2 36 38 32 5 15 31 30 41 25 11 37 36 40 0 12 34 43 3 16 2 8 12 33 4 3 34 3 6 48 24 17 13 9 28 0 30 18 8 0 
5 11 14 3 26 43 9 2 11 0 39 48 32 3 24 20 2 23 31 19 28 9 8 19 21 3 45 31 4 42 35 13 48 39 22 38 37 10 11 34 8 11 9 43 15 19 37 19 8 0 21 14 17 15 5 15 30 39 12 38 32 4 35 10 34 24 30 15 1 41 15 29 10 48 23 38 27 32 6 39 13 8 41 40 23 13 28 34 28 0 21 35 24 21 33 17 3 45 18 25 
26 29 0 48 9 43 36 30 16 49 0 17 28 29 14 21 5 26 16 16 26 16 37 31 14 40 36 21 12 21 14 9 15 2 23 24 41 45 12 23 31 6 18 18 2 7 7 31 12 36 30 14 9 34 6 40 43 46 2 4 45 8 48 41 12 31 14 39 8 22 4 45 2 19 29 38 23 18 16 9 48 36 46 12 33 8 22 46 42 37 25 47 8 2 7 48 30 42 0 28 
49 2 48 32 40 15 25 12 17 36 47 0 18 47 28 1 16 30 49 25 8 29 20 40 10 47 12 5 25 42 11 4 48 46 14 46 38 19 38 13 25 15 21 25 15 28 34 20 5 14 7 12 11 24 49 19 30 23 0 33 25 10 37 36 37 28 43 36 14 14 41 49 35 5 37 4 37 23 14 20 8 18 31 35 2 23 2 44 26 26 46 22 49 40 24 19 43 11 41 39 
19 15 5 35 16 0 15 9 14 16 43 24 0 9 0 45 23 39 11 22 18 8 31 18 26 10 22 24 29 10 2 32 41 45 14 24 14 2 5 10 24 22 21 22 47 27 39 5 45 44 0 43 4 31 12 22 39 28 12 12 17 8 15 8 23 9 34 4 36 19 8 45 6 16 0 17 42 37 32 6 24 47 21 33 22 31 26 33 48 23 32 18 26 20 11 32 6 40 25 24 
36 27 19 43 34 27 18 18 41 46 33 28 27 0 26 21 47 12 3 27 8 45 8 35 38 37 43 13 1 0 28 11 0 49 42 4 19 31 15 17 13 43 34 22 22 30 1 42 27 27 20 2 14 31 40 23 37 23 29 45 19 27 42 10 32 8 26 37 20 28 1 8 13 10 33 36 42 10 22 28 34 41 18 3 17 15 38 31 7 0 14 48 8 11 13 6 7 28 39 35 
15 25 36 36 33 10 30 48 28 42 33 40 16 35 0 10 49 37 42 32 28 2 19 44 44 8 2 47 32 35 8 14 47 43 49 15 41 39 0 12 48 23 1 24 33 41 0 4 40 47 19 30 28 31 44 40 37 49 25 33 38 42 43 2 11 10 34 40 47 35 29 40 5 41 42 10 49 28 29 21 27 23 43 20 47 26 26 40 32 28 9 18 39 9 49 24 22 30 8 17 
8 27 3 20 7 46 24 22 11 19 11 6 40 13 33 0 16 32 2 41 4 13 12 46 10 15 4 49 36 30 48 32 37 34 40 17 6 20 41 32 49 23 8 5 21 45 46 16 28 28 29 8 27 0 7 29 31 45 28 26 3 49 34 15 43 8 22 43 29 14 18 5 41 23 22 48 1 36 44 46 27 17 29 16 24 41 19 12 46 43 41 15 49 7 40 2 36 1 37 26 
12 5 33 44 30 47 15 15 13 11 28 28 28 40 11 47 0 45 20 25 39 0 49 33 15 14 32 7 32 46 17 22 32 10 41 31 37 5 29 21 38 1 47 8 46 26 9 39 22 16 36 5 28 14 10 3 27 48 3 11 31 32 5 47 6 2 21 46 31 21 5 47 24 18 35 26 24 9 48 24 3 22 35 43 38 3 32 47 30 26 28 0 1 11 49 5 13 16 23 11 
45 23 24 0 3 31 37 49 10 43 15 22 29 31 12 26 31 0 47 40 21 5 22 32 39 20 15 31 8 43 6 28 48 6 21 16 46 47 20 44 29 38 9 34 19 28 17 15 26 34 18 6 28 47 18 40 49 35 36 49 20 10 21 13 15 35 18 30 31 17 37 44 36 7 10 27 24 31 2 21 18 43 35 37 11 4 27 6 18 22 13 0 42 37 38 38 5 39 47 31 
43 34 37 11 43 17 1 32 47 15 3 4 34 45 25 21 14 31 0 22 6 6 43 43 30 30 18 11 13 18 1 16 29 18 40 31 33 29 13 9 3 36 45 15 24 20 35 30 26 5 25 21 8 9 6 2 32 5 40 25 12 35 12 30 36 47 2 8 30 40 26 8 43 40 46 24 23 47 30 35 22 0 7 5 16 41 38 31 18 15 46 25 9 12 36 5 12 43 42 21 
22 12 48 18 18 17 14 0 40 35 9 19 45 3 40 29 49 5 41 0 11 31 2 3 33 29 37 42 3 33 20 14 18 44 13 29 2 14 19 20 5 47 44 37 26 26 23 40 29 40 38 10 21 45 21 20 33 39 5 28 29 6 12 35 37 46 33 38 35 29 43 40 12 15 1 5 7 17 19 34 21 7 48 45 47 18 38 44 22 13 28 14 1 23 40 4 1 27 47 42 
21 13 1 13 21 15 21 45 10 45 41 22 12 1 15 5 43 38 29 32 0 8 4 22 7 45 38 44 40 39 4 4 23 25 28 24 31 30 33 23 44 30 46 37 45 5 16 0 39 38 13 35 47 9 30 24 8 37 24 20 22 43 5 34 11 6 6 34 25 32 19 41 32 34 29 29 33 17 36 25 18 37 28 19 27 37 41 6 45 10 1 43 32 36 30 25 7 34 24 19 
40 26 41 1 29 40 24 22 41 39 37 40 39 43 3 13 31 3 5 26 29 0 45 39 18 48 33 39 15 21 43 26 22 38 28 31 49 28 41 23 43 34 43 49 2 7 2 41 37 46 41 37 13 0 16 40 12 35 26 10 27 32 10 39 5 24 13 22 45 16 10 38 38 11 45 17 25 17 39 42 13 47 2 17 49 23 26 3 48 1 20 36 8 17 6 5 31 12 19 25 
6 31 45 44 41 3 38 15 0 19 22 41 33 33 25 42 19 0 4 28 35 7 0 33 43 40 3 0 33 22 21 11 40 38 41 8 47 2 8 29 2 33 40 2 18 22 45 35 8 11 42 44 49 38 28 42 7 41 47 19 45 30 13 14 10 11 35 23 4 12 3 2 19 4 29 2 24 49 30 44 44 49 18 15 13 2 23 20 31 47 11 19 48 48 3 2 29 3 43 22 
38 13 34 0 22 40 11 42 1 30 27 16 26 28 20 15 48 48 29 35 7 33 12 0 2 12 20 20 22 23 41 36 38 17 17 42 48 17 49 15 39 32 19 31 3 30 28 31 39 2 30 22 14 7 45 28 31 40 10 27 21 36 9 43 40 33 37 43 30 24 43 32 3 11 40 12 7 47 1 23 40 17 40 3 16 33 11 9 45 36 1 15 1 40 9 47 33 0 8 21 
25 31 37 21 37 49 4 29 38 0 30 11 18 5 40 28 9 22 48 10 48 35 31 14 0 17 43 46 11 46 38 20 38 26 5 17 21 10 2 8 33 5 15 26 1 34 9 43 48 23 42 43 33 37 3 40 11 44 18 27 48 39 48 29 47 49 31 19 25 48 49 36 49 23 43 31 4 11 34 35 17 16 43 4 16 3 8 23 34 42 17 48 19 30 11 14 40 27 43 4 
49 24 45 6 8 39 8 9 39 47 40 18 14 25 26 39 3 16 12 40 20 26 45 41 36 0 1 9 37 33 35 40 0 36 5 31 28 2 27 12 24 15 22 32 35 28 46 39 28 33 25 15 10 45 28 21 5 20 27 23 34 1 25 36 34 1 37 10 24 40 6 21 30 35 45 32 25 18 23 12 37 48 5 12 17 42 39 47 46 3 31 15 39 8 29 45 44 49 45 22 
25 12 22 23 30 38 47 42 8 3 27 25 34 1 28 32 19 36 28 39 38 21 26 13 27 25 0 24 31 0 11 12 2 48 45 34 16 37 7 43 34 44 9 21 8 43 18 27 19 7 41 41 14 23 15 22 29 41 15 15 36 7 9 0 2 43 41 29 48 27 48 24 24 24 33 35 38 20 12 29 34 9 28 23 35 0 24 43 5 12 15 17 7 27 34 4 40 34 41 21 
35 34 40 42 48 36 18 21 24 47 26 4 19 8 27 43 18 16 2 38 0 19 18 40 34 39 6 0 8 32 28 14 37 39 24 20 27 4 38 41 48 42 2 21 4 46 6 9 33 8 11 33 36 4 35 42 42 10 11 20 43 28 37 13 13 41 34 15 6 11 12 11 9 1 38 20 24 7 7 34 1 1 39 8 41 40 13 12 5 10 43 22 2 26 43 23 16 1 25 28 
32 11 19 3 29 7 42 1 3 42 20 19 22 7 44 5 40 33 12 9 7 38 10 21 21 4 47 14 0 23 29 39 16 37 6 32 20 39 16 22 33 10 3 5 41 9 36 37 29 42 17 45 6 38 2 4 16 33 10 19 31 38 17 26 48 14 20 3 7 19 16 22 42 7 13 10 47 43 30 17 43 26 14 26 17 34 20 21 42 14 4 16 43 14 25 0 12 0 1 26 
29 43 27 39 11 35 22 34 44 11 13 4 46 38 8 7 30 23 14 24 46 37 31 18 11 42 41 32 23 0 11 41 11 30 48 19 41 0 29 17 17 14 45 41 36 17 28 3 9 23 31 3 19 16 33 17 35 2 30 7 31 17 10 16 37 21 27 45 14 38 21 47 15 42 11 7 5 3 21 30 40 30 25 20 40 27 48 36 4 39 31 44 38 10 18 19 9 27 9 19 
29 16 0 46 3 8 30 43 6 49 4 22 10 44 4 33 46 29 21 28 9 41 21 38 16 33 35 20 29 11 0 10 8 32 12 6 28 29 47 37 38 19 33 40 45 16 33 9 7 17 34 3 35 8 43 43 43 16 1 40 44 37 24 12 47 1 45 17 42 42 37 30 13 46 10 39 28 9 36 44 40 32 19 20 43 42 12 14 27 7 44 5 13 11 13 43 14 3 45 12 
31 46 9 48 18 24 11 4 35 27 33 40 12 27 27 17 40 42 0 0 8 26 4 35 30 31 45 37 23 22 27 0 29 11 11 4 30 3 43 21 35 28 43 0 5 21 20 2 25 31 40 34 40 36 34 48 39 15 46 12 12 2 31 37 14 7 48 6 20 0 32 1 43 49 32 44 31 25 4 0 26 16 38 1 23 43 41 30 45 18 9 13 28 29 38 4 13 29 19 16 
29 27 37 2 15 42 23 22 48 23 3 48 45 47 8 8 11 43 15 31 2 10 28 6 5 15 23 19 15 3 5 34 0 28 45 40 33 35 0 18 44 33 35 48 31 32 6 10 22 32 1 6 35 10 21 27 37 43 18 33 45 21 3 42 11 29 34 12 43 30 11 34 8 26 6 41 43 38 27 19 34 24 43 35 24 44 32 17 27 5 46 36 39 40 37 0 9 28 6 27 
3 42 0 11 25 43 45 16 15 4 6 18 41 35 48 25 13 23 12 18 7 46 39 36 44 46 43 22 11 30 5 8 47 0 20 40 23 27 13 4 46 22 0 41 41 46 25 13 24 29 45 3 44 43 17 37 40 29 41 25 34 10 0 7 21 42 43 17 17 3 43 43 39 11 25 28 28 48 0 42 44 4 23 3 36 47 46 26 11 4 38 21 36 5 49 6 28 17 1 19 
41 16 17 46 43 37 21 12 17 49 44 47 1 28 42 4 18 18 41 46 12 20 44 18 25 19 34 24 34 9 49 14 45 3 0 32 1 37 14 13 1 19 40 17 33 18 34 2 36 19 48 37 47 24 18 27 48 43 32 21 19 43 27 14 4 34 43 45 11 43 42 48 40 49 40 43 24 49 24 14 23 19 18 15 33 38 11 2 13 8 49 38 45 31 20 6 21 18 21 8 
7 47 32 38 22 23 6 6 39 6 45 1 23 18 0 47 36 41 6 10 13 1 30 44 43 41 45 28 49 5 14 35 27 24 4 0 6 17 27 5 2 36 18 48 29 11 39 8 40 25 10 32 39 46 0 12 22 29 22 36 27 3 26 20 35 2 1 47 1 1 35 43 22 16 16 28 11 25 38 46 39 44 6 26 2 8 38 21 36 8 27 28 29 47 49 30 45 28 12 26 
19 27 41 47 35 31 6 34 4 19 9 6 21 45 15 16 10 47 35 40 27 49 5 36 38 25 43 27 30 37 5 32 3 0 4 39 0 38 15 8 10 40 49 47 7 4 4 37 35 49 42 13 12 32 33 1 29 37 33 0 14 33 7 18 10 18 8 41 32 37 34 49 1 19 33 6 42 40 37 12 10 20 35 13 15 47 27 24 34 3 33 28 36 24 34 25 49 12 34 24 
42 4 22 5 13 12 23 34 10 22 3 47 22 0 37 17 6 31 47 5 36 7 49 40 48 35 47 34 42 25 46 5 28 38 42 28 45 0 42 37 6 17 3 43 5 46 9 24 4 15 39 6 9 42 49 25 36 11 47 18 13 27 12 46 9 41 30 40 34 15 36 23 16 44 36 37 16 43 49 21 44 27 35 0 40 35 25 18 18 6 29 8 41 25 36 30 16 20 34 47 
28 36 4 0 23 14 11 40 0 4 33 16 41 20 45 6 38 6 7 16 7 28 49 24 5 41 40 32 8 46 17 40 17 7 34 46 12 2 0 39 26 45 6 14 0 36 29 26 22 29 1 12 26 14 7 20 38 12 44 11 30 0 43 6 11 47 39 8 40 2 29 18 19 7 34 47 27 25 13 9 21 42 39 36 21 1 34 29 8 36 19 47 4 48 2 5 38 32 15 16 
31 29 23 27 21 13 32 40 16 38 19 39 13 9 1 21 33 14 38 12 34 9 1 24 33 9 14 49 45 22 41 16 27 2 15 41 38 10 17 0 5 37 24 22 39 41 48 4 34 18 41 22 18 24 26 37 33 41 45 18 15 24 2 46 6 24 16 31 44 40 34 46 26 27 5 18 41 41 15 41 21 9 0 17 16 43 24 14 5 7 2 16 25 46 32 39 46 45 3 2 
1 26 3 34 49 0 5 46 25 20 36 45 43 23 32 6 46 10 26 42 0 40 45 2 0 15 36 11 10 34 29 34 0 32 6 36 34 40 17 32 0 16 16 38 25 1 10 0 32 21 43 38 4 43 45 30 38 17 20 45 33 15 46 33 40 32 39 39 33 17 29 3 29 13 0 2 45 11 1 18 13 13 7 4 26 17 11 29 14 16 31 42 48 22 5 37 7 8 14 12 
10 46 15 30 15 46 40 47 42 14 44 34 20 15 0 6 6 2 46 33 11 17 15 45 25 4 48 19 29 38 21 42 47 47 9 2 21 8 22 9 47 0 49 49 20 20 36 34 12 15 3 35 41 49 17 8 44 19 31 29 8 7 9 6 49 25 26 24 7 24 34 28 46 45 31 14 49 18 38 7 43 4 5 47 17 5 41 43 33 47 29 36 5 33 4 30 2 4 29 38 
20 4 22 26 1 15 36 31 30 25 10 14 38 7 40 38 31 47 42 18 20 31 11 19 31 40 33 22 13 2 2 28 21 48 47 45 6 22 36 44 27 44 0 33 47 40 35 14 23 37 3 18 30 5 16 8 12 6 18 1 42 26 6 2 34 23 20 12 0 25 11 0 45 38 20 1 33 48 42 48 34 45 37 12 43 8 9 21 16 22 32 41 33 38 15 26 16 48 39 33 
5 47 46 19 25 17 37 20 30 42 35 39 23 30 23 27 36 31 35 22 45 29 35 13 35 35 33 36 46 48 35 2 21 10 32 36 38 19 36 42 15 28 48 0 46 36 11 26 47 21 2 45 2 14 39 22 7 20 20 4 9 30 48 41 10 10 41 17 33 25 36 49 25 40 26 6 22 3 36 17 15 42 45 16 6 36 37 48 26 14 35 15 8 40 10 14 4 12 2 38 
6 25 30 49 29 29 13 38 17 21 45 41 19 39 8 15 12 23 31 20 47 3 8 8 15 29 16 39 13 21 41 9 31 22 14 16 38 20 18 49 5 0 44 36 0 28 6 27 13 23 21 27 23 11 23 34 2 37 17 13 3 26 45 45 13 6 20 9 5 46 33 23 2 29 19 26 43 35 15 21 44 7 21 37 49 19 46 15 2 42 3 7 40 9 7 36 9 15 36 19 
9 13 35 28 1 18 19 6 31 28 24 45 43 24 16 24 11 35 22 21 7 45 24 38 33 8 45 22 33 31 3 32 0 40 30 8 5 2 8 18 7 11 20 28 6 0 13 32 42 32 17 20 8 24 37 44 33 14 14 14 46 40 25 5 13 17 42 31 19 30 18 28 48 20 29 41 16 37 8 26 25 9 18 20 35 14 6 47 6 34 10 1 8 28 44 39 24 26 44 40 
39 22 19 1 2 44 23 39 9 27 37 36 16 27 19 23 49 14 15 44 36 19 28 26 8 2 46 37 15 38 16 38 32 24 33 15 6 6 12 16 24 29 42 34 22 49 0 46 26 32 2 25 16 15 2 9 5 17 44 4 43 24 49 22 21 33 13 17 43 23 10 25 24 35 1 22 8 45 26 20 41 38 29 22 27 43 8 4 22 26 37 16 3 40 12 39 3 29 49 22 
2 2 19 4 29 34 38 24 26 13 34 22 48 3 3 7 18 33 37 45 29 11 44 9 11 7 26 22 45 42 22 28 46 11 35 35 29 16 32 6 8 49 20 46 24 20 26 0 6 33 45 24 41 38 38 14 4 27 3 42 4 23 2 25 11 42 24 49 35 40 46 28 5 4 41 9 31 29 2 33 42 32 12 49 11 47 5 40 19 9 28 39 28 30 21 28 40 6 48 44 
45 25 10 48 16 30 15 14 26 22 29 43 32 5 36 33 5 37 32 38 15 14 18 49 32 8 46 38 28 38 45 9 19 44 12 19 49 18 17 8 43 11 3 40 36 26 3 4 0 0 18 23 47 46 16 30 15 2 0 17 23 36 18 47 29 24 28 10 8 25 17 12 34 2 19 12 20 11 35 40 11 14 0 10 45 17 4 37 17 15 42 38 23 15 29 37 38 19 36 30 
9 40 21 19 31 26 20 11 4 43 34 7 49 36 29 0 7 5 15 34 49 44 42 20 19 17 13 3 17 27 10 5 3 41 12 26 4 22 34 16 0 43 45 2 47 21 11 44 9 0 16 35 39 18 7 18 4 0 32 49 20 35 48 42 16 32 29 16 9 8 33 49 35 7 20 21 42 30 27 6 45 36 3 2 18 35 35 28 28 10 1 49 14 35 26 7 37 41 38 43 
46 33 43 18 23 35 9 46 31 11 39 34 23 49 31 49 42 6 0 37 40 19 23 38 17 33 0 8 6 38 13 20 16 8 35 23 29 48 6 20 25 46 33 38 19 46 40 25 19 19 0 41 47 45 4 8 8 44 41 41 37 0 32 25 36 38 8 30 35 13 34 3 27 35 26 20 36 31 20 49 48 27 49 35 23 37 1 31 17 33 21 26 29 31 44 42 17 0 28 16 
34 49 7 40 31 23 41 31 49 39 49 25 49 13 45 26 1 24 33 39 35 24 45 45 20 33 17 42 2 24 23 40 5 18 20 43 30 6 15 14 30 8 8 24 8 11 17 17 28 40 49 0 30 20 40 12 0 14 25 34 32 11 6 18 44 26 36 16 42 38 38 15 12 47 46 9 2 21 6 10 7 16 0 20 45 25 48 24 24 43 29 36 13 16 8 34 1 11 5 15 
24 32 39 32 24 0 25 37 26 0 24 14 37 45 25 29 1 38 44 44 6 25 21 40 34 19 29 45 8 7 45 24 38 6 20 32 16 22 7 3 21 5 39 25 29 28 39 27 44 40 48 4 0 17 42 30 18 48 6 40 32 43 39 1 43 27 19 43 33 31 42 35 26 42 30 16 11 17 7 20 45 16 21 32 32 6 41 20 15 45 43 13 21 42 35 17 12 31 17 21 
2 22 28 30 29 24 49 3 1 44 41 14 33 20 44 38 27 13 2 8 2 3 49 8 25 40 38 23 45 1 5 8 23 37 41 26 30 9 20 35 43 31 24 2 0 21 25 9 30 44 22 36 40 0 15 2 4 32 33 38 5 10 45 23 42 9 37 43 47 34 39 18 38 48 30 29 7 13 10 47 46 21 32 44 42 48 36 3 49 38 23 25 1 40 39 46 12 25 24 28 
35 3 31 27 0 48 20 44 16 29 26 38 15 22 2 12 21 17 28 15 29 9 32 39 36 19 35 40 16 32 35 22 3 11 46 41 0 32 22 11 20 13 15 45 20 10 28 20 21 46 4 14 49 10 0 19 2 35 21 44 30 32 11 45 1 16 33 10 8 22 45 6 14 2 34 5 12 21 41 25 40 25 11 17 32 33 37 43 0 29 18 24 34 29 35 10 5 11 42 24 
0 16 10 1 9 9 23 17 0 25 6 40 48 5 7 49 41 10 32 36 19 20 29 25 19 9 1 31 24 7 25 1 33 19 38 14 13 24 34 20 1 47 24 11 17 15 40 29 5 28 11 32 27 10 39 0 16 37 48 48 4 48 15 21 33 25 41 14 47 12 4 26 4 8 21 34 38 16 16 6 30 29 37 29 39 43 4 1 34 20 37 36 2 32 28 16 22 43 8 29 
33 37 23 47 46 44 1 3 20 3 22 20 32 3 24 33 7 15 32 30 17 16 40 18 26 28 29 44 3 49 33 3 10 40 27 10 27 32 43 37 13 11 15 49 1 18 31 8 3 8 38 28 14 7 22 21 0 22 6 17 10 48 43 34 41 19 2 12 11 11 43 5 31 1 10 48 21 42 44 34 35 0 5 5 23 0 38 39 10 17 32 48 10 45 19 48 39 21 1 45 
23 37 49 0 7 34 34 27 12 41 4 46 12 37 1 1 32 15 38 45 28 44 26 28 45 28 5 49 7 12 1 49 27 42 3 45 42 17 49 26 5 42 48 3 15 47 23 15 49 37 19 31 20 3 18 2 28 0 6 31 45 36 29 31 28 9 2 39 8 38 4 22 8 6 21 47 3 11 24 19 7 5 49 38 11 45 35 42 32 26 17 3 17 49 4 17 12 14 29 43 
27 4 12 31 39 26 47 49 39 24 36 12 37 7 3 41 32 29 27 11 2 46 46 33 47 4 32 2 45 26 24 31 45 23 32 43 2 19 32 39 37 49 35 29 4 2 49 0 32 45 43 21 49 40 4 27 5 19 0 0 28 28 22 18 35 24 34 1 34 37 15 39 31 24 9 0 46 10 27 33 21 11 18 46 0 13 11 46 8 44 21 45 2 46 20 4 3 10 36 19 
35 16 13 35 42 18 15 20 36 25 46 44 12 32 15 5 26 1 23 6 30 43 40 41 14 23 7 0 49 22 35 12 2 18 24 2 48 35 38 12 37 22 42 0 43 19 31 20 41 45 34 14 35 29 49 32 36 19 0 0 43 35 16 8 38 49 25 46 19 31 14 2 20 37 48 27 48 1 38 13 3 5 41 17 12 5 31 45 18 22 44 20 38 21 45 23 43 15 18 35 
37 49 49 42 4 24 31 16 29 22 6 18 25 42 10 11 32 28 22 49 27 26 48 28 27 38 25 44 25 39 21 40 40 16 31 48 47 1 7 1 10 7 27 9 3 26 40 23 24 4 19 6 35 49 48 30 23 8 16 34 0 23 31 4 33 41 22 10 37 14 18 44 29 23 9 7 41 35 27 23 22 28 35 49 17 9 43 17 15 40 41 19 38 4 26 12 41 43 9 20 
47 12 28 0 9 42 40 39 44 42 20 36 46 14 36 21 43 16 24 45 38 49 27 4 4 31 46 7 35 14 0 32 23 43 12 32 33 39 18 39 33 9 37 45 45 12 39 35 48 29 7 30 4 1 40 43 18 12 27 23 22 0 33 35 36 20 7 2 39 6 26 24 2 37 35 49 16 40 17 6 21 25 20 42 15 47 8 34 31 29 32 5 12 39 23 20 42 32 46 30 
19 22 15 1 36 5 24 27 4 29 32 1 19 37 1 26 4 23 11 47 45 25 35 12 29 10 18 23 29 9 12 24 24 32 25 15 43 46 32 18 34 11 22 36 16 39 1 4 33 44 26 48 4 33 18 34 17 14 16 14 16 46 0 23 48 10 46 41 41 16 39 20 5 48 1 31 21 25 28 23 4 9 30 38 41 39 3 48 17 4 27 40 47 6 23 39 12 36 29 38 
39 35 41 17 20 10 47 31 32 6 39 34 3 10 12 32 42 43 13 23 11 40 42 43 20 19 49 12 26 45 36 6 3 14 48 8 28 38 23 5 11 43 17 43 27 14 40 16 1 39 44 36 12 24 33 40 1 33 35 28 33 37 34 0 27 21 22 13 9 40 18 32 48 16 40 27 8 21 6 5 1 34 20 5 7 49 30 25 3 39 44 38 14 23 48 8 30 37 14 13 
13 2 20 28 16 4 16 49 27 37 37 9 32 5 5 26 37 16 14 5 40 46 32 35 43 36 46 38 6 3 14 49 41 25 24 24 44 13 49 26 47 34 47 26 43 44 42 11 19 25 39 46 31 21 18 13 16 30 6 9 40 9 34 46 0 9 3 6 41 43 46 33 0 7 35 12 17 19 15 3 23 41 16 49 15 18 43 38 47 11 41 24 13 25 7 20 21 27 8 36 
25 21 26 49 19 41 11 12 9 35 13 30 14 36 33 32 38 39 5 20 40 18 41 28 35 37 20 24 47 4 3 44 12 15 4 0 2 14 29 44 26 13 28 48 29 1 49 3 42 30 16 40 48 8 30 3 1 12 44 49 35 5 22 39 8 0 2 29 40 10 46 27 44 22 36 23 4 33 6 1 41 34 31 22 29 2 26 30 19 38 29 35 2 10 27 24 10 49 42 5 
43 15 28 22 34 26 48 23 1 37 38 47 2 25 0 28 5 43 30 6 31 39 15 21 27 14 40 13 39 10 38 13 20 38 21 14 3 4 22 16 4 36 25 24 18 2 20 9 38 32 41 24 0 16 22 4 2 0 16 26 36 2 37 1 1 49 0 17 2 15 31 43 10 8 39 8 34 21 6 36 37 21 40 22 18 23 3 31 12 46 13 1 15 4 35 33 14 4 37 3 
34 33 22 21 44 20 7 38 29 47 40 23 1 43 26 31 0 48 13 3 11 43 32 1 14 49 16 12 34 49 2 12 41 9 0 30 19 35 12 15 11 17 11 13 21 6 45 43 0 43 14 42 44 33 36 2 25 9 3 7 6 43 29 1 20 45 28 0 41 9 20 15 44 28 8 34 38 33 38 37 35 30 32 15 30 21 25 2 4 46 12 4 45 25 44 49 44 29 32 9 
16 29 11 33 30 46 32 33 23 39 30 35 37 20 39 29 10 21 47 39 13 44 21 5 15 13 34 49 37 15 14 8 11 33 46 43 37 31 5 1 1 40 2 45 20 11 10 17 23 34 33 41 1 28 37 29 0 15 9 22 11 2 20 23 14 37 0 10 0 41 28 43 11 21 18 48 33 33 45 9 22 18 3 14 45 49 0 46 42 44 5 9 18 35 1 18 47 6 37 35 
9 14 33 1 40 25 24 46 0 38 31 21 17 24 34 15 44 2 19 20 17 19 24 37 30 45 16 44 49 12 35 15 21 2 41 4 23 33 2 11 29 24 9 33 15 45 0 26 41 47 13 21 36 12 40 34 6 18 22 19 16 18 41 9 16 3 29 48 17 0 45 3 30 20 25 34 21 33 35 37 43 27 48 24 42 18 0 44 31 36 45 8 3 47 42 21 19 7 21 22 
11 41 2 1 23 15 6 30 11 15 23 0 28 35 3 12 32 26 7 39 42 49 26 11 42 31 10 0 38 30 20 45 29 18 41 12 34 33 20 32 0 10 14 41 49 36 15 33 29 27 4 28 19 34 10 18 17 47 25 6 10 13 48 40 19 44 49 43 5 14 0 37 8 6 11 14 47 43 29 37 30 35 14 34 26 15 18 34 47 48 47 5 32 31 37 27 46 9 24 49 
3 1 41 4 29 15 15 0 32 33 19 46 39 28 38 41 3 6 20 20 49 5 24 28 37 34 29 39 48 23 38 15 2 41 35 13 11 16 27 33 30 15 32 32 31 35 40 12 6 2 48 13 26 47 14 15 43 7 37 18 38 24 20 33 45 28 9 33 21 37 10 0 49 23 33 5 47 13 36 34 9 34 0 20 39 7 18 6 35 42 22 33 35 33 27 49 11 40 35 0 
29 23 6 35 45 9 36 31 39 49 1 7 45 19 34 27 5 10 33 2 0 3 38 48 25 19 4 40 43 7 7 19 25 49 40 46 48 17 46 9 30 29 31 7 19 38 25 49 20 14 10 5 32 15 18 20 37 14 9 3 44 0 41 1 44 27 41 10 46 24 33 48 0 40 31 20 4 35 3 45 9 14 32 17 30 18 32 13 40 11 32 35 17 45 21 18 5 33 21 46 
20 38 44 8 27 35 27 25 5 0 42 4 18 40 24 29 15 4 21 22 44 17 9 10 22 2 24 27 47 20 41 17 41 17 18 15 21 5 27 14 33 37 32 49 12 32 35 42 35 30 34 20 28 38 24 34 33 3 25 22 32 10 15 30 14 23 22 36 8 38 31 15 26 0 12 13 28 19 1 41 15 26 18 21 48 37 31 39 39 2 30 24 31 42 18 0 0 34 6 30 
40 23 49 18 35 34 5 44 44 8 0 19 18 49 47 30 49 48 34 19 32 40 38 20 47 33 40 22 45 40 27 0 32 47 49 0 30 46 4 31 5 1 32 39 17 20 26 43 6 23 16 7 36 16 33 43 22 14 48 21 37 11 9 20 36 27 41 3 23 28 41 47 49 31 0 23 10 21 28 43 40 3 34 16 47 13 22 45 24 38 22 27 19 33 16 5 44 46 24 41 
39 48 47 16 10 41 23 15 5 6 38 46 18 12 44 26 15 43 23 19 24 18 19 22 20 11 15 25 29 44 37 45 30 49 0 1 44 11 3 42 9 48 6 13 19 39 5 11 1 10 27 26 39 22 2 24 46 49 23 12 23 14 21 8 20 31 6 48 49 45 47 16 43 48 42 0 31 4 45 44 0 49 1 31 48 45 25 45 34 33 0 49 17 47 9 41 31 49 48 24 
37 9 12 45 29 9 24 17 16 18 27 44 49 46 42 23 46 17 11 18 48 31 33 24 38 34 18 18 25 4 44 21 10 11 22 1 0 42 30 25 30 1 20 48 27 30 5 32 25 14 12 4 42 9 38 5 16 16 21 30 14 41 26 36 35 33 1 24 26 42 9 1 46 27 7 37 0 27 20 5 27 37 10 33 3 37 33 41 35 21 27 28 30 34 11 29 3 30 8 30 
48 32 41 20 16 13 18 15 34 9 24 41 35 8 10 48 35 28 1 21 5 1 46 22 9 31 37 20 25 34 2 27 46 38 2 47 39 45 48 1 18 23 7 19 23 15 18 33 10 9 25 46 39 33 18 9 18 11 17 3 16 38 26 43 32 26 10 38 7 30 4 28 11 18 21 23 48 0 7 8 19 45 1 39 16 6 39 25 25 32 28 21 16 12 37 8 38 30 5 40 
49 19 7 3 13 6 35 33 48 43 49 12 6 16 35 19 21 14 49 8 47 14 14 12 7 22 27 42 20 49 48 21 36 42 2 17 24 38 43 39 38 14 46 18 46 8 37 45 18 47 25 47 21 37 43 7 20 49 46 39 2 12 20 31 26 41 25 45 49 16 24 6 27 22 36 8 46 9 0 32 8 38 44 4 30 27 49 19 18 24 1 11 5 16 27 13 12 30 18 28 
39 13 41 23 46 31 40 31 35 32 32 32 0 44 2 7 1 18 33 23 44 19 26 33 33 32 12 36 25 2 12 24 45 46 2 23 8 5 27 8 11 31 0 20 30 3 27 9 16 47 18 18 27 31 15 2 13 21 26 36 24 42 41 9 47 12 48 42 48 42 36 20 17 29 24 31 38 6 11 0 0 47 8 39 5 31 18 14 1 16 44 17 45 17 39 13 0 24 44 49 
25 30 17 24 49 36 24 7 35 15 8 25 30 32 11 37 20 12 41 28 11 12 46 26 0 8 21 41 48 22 48 0 8 28 45 42 38 10 23 27 43 45 4 13 32 25 4 45 21 48 18 34 20 41 38 32 19 37 16 32 12 34 31 37 44 2 11 14 42 19 34 47 30 3 41 6 11 47 37 2 0 15 13 17 17 49 1 43 38 32 4 37 12 12 22 37 24 41 8 18 
1 27 23 2 11 30 39 1 15 37 28 29 21 37 13 27 38 27 14 46 25 32 31 39 19 19 47 12 6 10 2 5 11 20 30 41 0 39 38 24 1 5 40 39 25 32 4 3 30 30 11 6 8 37 1 27 30 22 47 7 46 14 5 49 6 10 15 35 38 35 34 13 23 26 13 27 26 22 7 29 16 0 27 25 0 48 25 30 7 13 46 16 42 5 1 7 30 3 47 2 
5 34 35 44 46 40 36 47 5 7 28 8 31 46 49 22 42 13 8 2 41 41 26 24 7 8 46 8 32 13 27 31 41 29 37 0 37 9 0 4 40 47 27 29 46 39 38 31 48 42 21 47 43 13 6 29 43 1 16 44 38 38 25 21 21 30 33 16 49 6 9 16 18 9 45 34 28 44 32 16 8 16 0 13 13 31 36 10 16 49 22 10 33 23 16 6 46 24 8 46 
20 20 16 19 28 27 38 34 9 17 28 30 21 41 40 43 44 9 7 40 23 22 47 0 25 12 32 19 40 1 5 5 26 37 13 29 16 28 45 9 36 6 20 43 6 42 11 33 38 17 45 9 49 47 45 42 2 17 40 3 5 5 2 6 45 12 47 0 39 15 5 27 47 27 3 26 15 25 46 31 3 15 13 0 10 16 31 27 33 28 34 3 44 26 24 8 35 2 35 41 
36 43 20 14 44 7 12 4 46 41 6 26 16 33 33 11 26 5 15 6 48 18 19 41 24 17 0 34 45 25 25 44 37 15 12 39 8 10 32 36 45 22 35 48 9 19 38 16 23 0 10 41 43 48 6 18 18 12 15 19 27 21 14 42 0 49 28 11 27 36 25 6 15 33 3 5 26 3 15 45 27 30 31 30 0 33 47 23 31 13 44 49 26 40 12 41 29 48 48 28 
27 25 10 19 30 23 47 2 15 32 23 5 37 7 9 30 41 11 44 44 25 39 5 6 24 17 6 48 10 30 0 38 16 17 28 23 43 48 32 26 13 48 35 16 7 30 16 11 41 33 29 35 0 41 43 38 38 36 7 9 27 10 26 40 41 14 16 24 42 48 12 42 16 8 27 9 42 39 13 48 46 0 46 46 28 0 8 36 37 3 23 1 41 45 30 44 0 43 4 44 
4 42 24 19 31 43 27 1 2 23 38 11 34 1 5 0 32 6 36 10 17 43 27 42 10 40 8 25 39 19 41 39 35 6 39 23 19 23 44 27 45 36 45 2 16 7 22 14 48 8 22 8 40 7 47 31 36 46 6 17 14 40 17 5 11 33 3 39 26 42 29 40 27 40 36 43 47 3 20 10 5 9 21 21 42 32 0 42 20 25 31 18 38 1 2 7 15 25 30 1 
2 0 38 47 22 40 19 17 43 10 6 42 43 49 32 49 23 43 33 44 6 36 25 14 0 32 22 45 3 9 45 47 8 19 34 36 23 44 32 40 25 46 39 48 15 12 18 19 19 32 13 37 40 16 33 40 21 36 27 45 6 13 49 20 6 33 16 5 7 21 11 1 10 16 13 38 28 47 34 38 49 20 49 15 16 15 32 0 24 28 37 0 48 43 8 7 21 8 32 17 
15 6 20 12 4 2 47 36 43 16 28 6 24 15 23 10 28 36 19 8 38 32 21 16 23 12 36 20 16 42 18 8 26 12 46 31 3 4 38 47 22 45 11 15 37 21 37 4 28 40 14 16 44 31 15 6 34 15 6 15 0 34 39 2 11 7 7 7 27 36 43 35 12 31 27 49 6 1 35 46 9 26 11 8 40 14 47 25 0 7 33 15 27 44 30 5 18 34 33 11 
16 3 48 0 41 10 23 23 39 32 23 37 28 39 3 37 40 13 27 1 3 13 30 14 49 48 3 48 17 40 18 24 42 48 6 34 48 26 17 35 7 27 21 5 30 20 45 8 9 48 42 8 27 16 33 5 28 40 11 40 17 2 19 43 48 26 10 7 13 46 40 18 26 36 10 49 39 13 12 8 20 37 15 25 22 26 40 29 5 0 10 27 34 25 35 26 40 48 29 40 
33 17 37 23 45 3 44 36 34 2 25 41 25 1 5 4 28 41 33 10 25 26 25 40 39 7 35 47 19 33 14 28 13 48 26 40 27 9 16 15 15 37 23 26 0 3 3 29 9 43 0 21 11 28 13 38 18 2 10 18 23 16 10 18 35 1 35 19 46 13 46 39 44 4 19 19 27 38 11 45 2 43 40 47 15 24 34 25 3 42 0 10 47 47 5 12 6 6 30 31 
34 1 21 38 6 15 36 19 24 36 22 2 2 21 30 25 30 8 49 37 17 28 12 31 34 43 8 40 37 38 27 9 9 30 30 26 40 38 41 10 26 10 44 28 37 3 35 39 27 28 46 4 18 46 25 13 33 41 48 46 33 9 27 23 1 7 45 2 35 10 2 21 45 20 23 38 17 25 13 12 24 49 30 28 45 33 33 27 45 0 35 0 40 22 38 21 43 46 23 11 
8 16 0 39 27 47 22 28 39 22 43 8 49 28 16 10 42 45 17 27 4 4 42 2 26 44 45 24 48 33 44 31 25 20 47 18 48 17 44 22 17 38 41 39 18 10 12 0 12 34 27 25 17 40 47 40 40 5 34 43 14 14 0 48 32 25 20 23 48 1 14 27 23 10 14 17 17 20 19 5 47 27 15 0 38 19 13 48 44 9 0 6 0 5 10 28 13 20 32 32 
16 37 31 14 1 30 35 2 23 3 44 27 38 4 2 16 18 47 21 37 33 12 12 20 1 5 35 36 17 41 13 48 32 17 3 46 13 44 7 25 16 29 32 8 2 44 21 6 48 5 44 44 24 28 1 31 40 3 25 28 9 39 20 49 12 38 13 0 41 14 5 44 11 25 34 6 8 47 44 9 23 15 46 22 8 23 26 46 6 5 45 37 43 0 41 39 38 39 27 22 
2 46 32 21 35 29 34 47 18 39 49 15 22 42 12 7 31 48 4 21 40 9 8 25 27 18 14 5 5 39 7 5 46 23 41 49 34 34 26 36 11 22 19 8 11 0 4 35 3 12 8 22 40 1 37 12 47 19 41 48 10 5 25 40 30 31 38 45 38 11 34 47 5 21 2 0 11 17 15 39 1 23 15 9 3 2 31 35 39 7 44 35 14 12 0 27 34 5 45 35 
49 38 5 15 41 6 9 19 27 12 48 29 43 31 1 1 46 48 29 38 6 41 1 13 31 1 19 36 27 42 41 5 35 8 49 11 30 24 34 38 13 6 43 23 21 31 2 3 49 23 0 36 0 16 42 46 14 3 31 2 9 33 22 32 39 42 4 19 40 36 15 5 12 22 26 5 25 10 6 38 46 18 14 13 46 26 15 35 31 29 6 38 16 38 48 0 15 49 22 33 
18 29 43 16 28 11 40 24 41 47 47 19 31 32 39 5 3 49 40 41 18 45 17 45 17 20 38 36 25 2 32 45 28 5 46 20 41 13 46 28 27 3 24 36 36 15 47 18 16 18 44 4 13 29 15 22 43 7 17 26 17 30 7 19 36 8 0 22 24 35 28 14 8 49 27 42 21 40 39 36 43 43 46 21 28 44 18 2 43 46 27 17 35 3 22 26 0 35 11 16 
4 4 42 43 0 0 16 9 34 48 0 32 16 35 43 3 24 21 48 11 25 43 3 23 16 23 35 3 12 17 34 19 7 16 4 34 31 15 22 30 10 37 15 45 43 21 42 15 49 8 48 16 20 46 43 3 17 33 10 14 44 15 14 24 11 25 0 17 22 49 17 18 13 8 29 19 36 25 24 46 37 17 32 21 40 1 35 25 23 47 6 38 17 43 38 34 7 0 39 44 
10 31 3 15 37 40 21 27 47 10 34 41 49 41 40 40 6 13 48 23 40 12 25 21 45 46 28 4 1 23 13 48 46 37 28 12 18 32 34 14 6 19 8 27 30 1 26 42 16 24 44 5 2 19 38 34 21 6 35 18 49 10 13 8 35 15 12 4 2 34 15 10 13 24 42 34 31 48 40 24 1 31 2 43 46 20 1 5 29 28 14 7 23 49 16 18 35 24 0 14 
37 29 18 11 2 22 42 37 42 47 38 22 38 13 33 48 31 0 46 9 9 29 17 24 6 21 39 25 38 9 19 31 39 7 29 13 4 35 0 43 49 44 2 8 34 27 22 7 46 42 22 0 8 19 21 33 27 23 5 44 8 25 44 41 34 2 33 24 36 13 31 1 3 5 26 46 28 1 11 10 30 3 27 41 41 2 9 26 19 34 13 30 21 17 49 17 15 11 25 0 
