20
0 13 72 12 42 88 48 27 28 87 10 36 3 84 33 37 28 23 14 83  
70 0 50 35 34 87 7 38 62 31 49 45 37 55 22 52 95 4 60 12  
70 52 0 11 31 99 50 21 55 44 73 11 31 56 25 12 8 96 66 51  
76 60 60 0 94 49 57 88 96 28 40 63 14 100 83 84 42 60 30 28  
71 87 84 99 0 89 20 91 58 8 33 82 75 27 64 70 77 43 67 27  
65 64 43 43 96 0 47 52 79 82 68 96 1 22 34 50 89 34 29 56  
24 26 71 34 3 44 0 18 13 84 94 17 92 93 68 77 70 44 99 26  
16 2 71 2 60 28 40 0 53 7 24 42 94 75 4 30 73 19 66 63  
97 27 10 79 80 27 5 11 0 76 39 71 56 32 21 28 14 12 42 79  
5 45 34 51 95 4 73 65 33 0 29 5 17 1 95 6 40 79 67 20  
74 15 60 49 97 3 13 70 66 81 0 89 53 34 63 66 19 99 92 37  
43 88 14 60 52 95 90 33 79 14 4 0 22 100 44 4 18 53 44 59  
28 83 22 38 17 6 93 44 46 95 97 46 0 95 72 37 68 93 98 8  
70 23 37 88 8 31 1 95 1 66 5 53 70 0 41 53 70 26 70 67  
36 1 92 5 71 65 2 40 29 84 33 29 60 12 0 32 97 34 4 51  
78 35 40 39 80 77 94 62 55 48 21 45 71 91 70 0 82 5 15 97  
75 60 22 66 56 40 59 29 56 70 36 55 17 20 40 15 0 34 54 86  
16 100 5 94 67 65 43 2 10 1 28 19 94 21 35 62 38 0 77 39  
5 2 76 32 67 79 99 69 18 31 34 64 66 35 46 100 10 79 0 8  
73 66 31 44 85 41 7 5 29 44 80 88 43 70 12 68 19 9 46 0  
