50
0 41 17 34 0 19 24 28 8 12 14 5 45 31 27 11 41 45 42 27 36 41 4 2 3 42 32 21 16 18 45 47 26 21 38 19 12 17 49 35 44 3 11 22 33 23 14 41 11 3 
18 0 47 44 12 7 37 9 23 41 29 28 16 35 40 42 38 6 40 42 14 48 46 5 40 29 20 0 6 1 43 48 29 23 34 4 6 40 16 26 31 8 44 39 26 23 37 38 18 32 
29 41 0 33 15 39 8 4 30 27 6 23 36 21 45 24 22 20 29 27 23 47 12 36 40 11 36 5 17 5 24 31 2 0 0 41 24 16 30 7 41 7 37 7 37 3 33 45 9 9 
8 21 38 0 22 46 6 30 13 18 0 41 12 5 10 9 24 37 48 33 45 41 2 0 41 36 24 20 46 21 48 49 18 34 31 34 3 49 18 38 0 38 27 17 28 43 48 33 7 21 
10 17 13 14 0 9 16 35 1 0 49 19 6 48 3 24 8 44 9 39 2 45 35 43 43 23 37 14 3 48 0 8 18 30 46 48 31 39 48 9 7 22 22 38 42 38 29 40 7 8 
41 15 38 6 11 0 2 34 22 5 28 46 12 36 25 33 19 42 44 16 31 48 22 1 21 49 7 26 42 39 25 12 0 10 3 19 11 38 1 39 5 23 2 35 32 35 38 26 17 7 
32 32 19 4 21 39 0 26 29 18 42 25 5 34 49 41 12 45 10 18 3 39 23 29 46 37 29 49 37 16 49 43 45 47 16 36 5 38 32 5 34 14 1 16 21 36 13 13 5 35 
3 12 8 32 45 13 6 0 21 8 46 32 31 44 46 22 29 11 35 0 23 16 44 9 42 39 3 24 4 10 45 49 36 13 24 22 18 18 37 5 8 41 2 25 27 14 14 24 34 24 
22 9 33 20 37 47 18 27 0 23 20 13 18 42 35 2 30 13 27 2 49 27 25 43 24 23 22 11 31 3 32 5 43 25 31 42 42 22 36 14 0 37 10 13 24 20 20 35 33 11 
10 46 17 35 0 40 44 45 24 0 19 25 26 44 8 2 21 16 28 43 1 34 18 14 19 2 0 37 10 26 10 7 20 15 26 27 43 8 14 9 32 36 15 37 27 24 25 27 29 28 
23 20 2 12 23 46 37 11 45 25 0 14 10 2 16 30 26 11 21 11 47 3 20 40 24 38 13 40 1 12 29 0 13 8 28 15 7 27 0 8 39 3 10 7 24 27 8 13 37 1 
0 10 28 43 34 5 40 11 4 35 6 0 22 0 23 35 6 16 26 7 26 7 37 21 19 11 46 22 17 12 17 46 35 41 23 29 29 15 9 32 46 5 3 12 34 34 4 22 7 19 
32 13 7 33 11 35 17 48 25 38 23 42 0 4 11 41 25 9 25 21 20 26 34 5 33 0 48 29 1 43 34 37 34 6 43 26 5 12 48 31 0 13 41 5 5 42 12 11 27 24 
28 2 43 46 23 40 13 25 22 18 10 17 32 0 12 45 19 31 40 38 35 40 47 39 40 45 3 14 1 40 44 8 35 9 42 5 14 31 3 29 25 8 42 47 49 6 11 27 17 41 
29 40 13 24 1 27 15 33 13 42 24 1 42 9 0 20 28 27 34 25 36 48 20 37 47 4 3 21 13 6 13 10 21 39 40 14 42 19 13 41 4 18 32 0 5 25 39 3 22 48 
47 34 48 21 14 13 25 45 12 46 28 19 12 19 35 0 39 44 15 40 45 8 18 20 1 23 32 22 2 37 20 13 1 3 23 27 0 19 15 15 28 43 47 38 43 37 9 13 49 31 
38 42 8 10 21 8 4 38 46 40 49 43 30 20 48 17 0 36 33 35 26 35 38 3 29 24 48 23 9 7 16 44 5 18 26 11 25 5 1 49 46 34 15 14 42 25 13 42 46 48 
22 26 6 23 29 4 5 26 12 25 43 15 36 36 41 14 44 0 6 2 36 38 32 5 15 31 30 41 25 11 37 36 40 0 12 34 43 3 16 2 8 12 33 4 3 34 3 6 48 24 
17 13 9 28 0 30 18 8 0 5 11 14 3 26 43 9 2 11 0 39 48 32 3 24 20 2 23 31 19 28 9 8 19 21 3 45 31 4 42 35 13 48 39 22 38 37 10 11 34 8 
11 9 43 15 19 37 19 8 0 21 14 17 15 5 15 30 39 12 38 0 32 4 35 10 34 24 30 15 1 41 15 29 10 48 23 38 27 32 6 39 13 8 41 40 23 13 28 34 28 0 
21 35 24 21 33 17 3 45 18 25 26 29 0 48 9 43 36 30 16 49 0 17 28 29 14 21 5 26 16 16 26 16 37 31 14 40 36 21 12 21 14 9 15 2 23 24 41 45 12 23 
31 6 18 18 2 7 7 31 12 36 30 14 9 34 6 40 43 46 2 4 45 0 8 48 41 12 31 14 39 8 22 4 45 2 19 29 38 23 18 16 9 48 36 46 12 33 8 22 46 42 
37 25 47 8 2 7 48 30 42 0 28 49 2 48 32 40 15 25 12 17 36 47 0 18 47 28 1 16 30 49 25 8 29 20 40 10 47 12 5 25 42 11 4 48 46 14 46 38 19 38 
13 25 15 21 25 15 28 34 20 5 14 7 12 11 24 49 19 30 23 0 33 25 10 0 37 36 37 28 43 36 14 14 41 49 35 5 37 4 37 23 14 20 8 18 31 35 2 23 2 44 
26 26 46 22 49 40 24 19 43 11 41 39 19 15 5 35 16 0 15 9 14 16 43 24 0 9 0 45 23 39 11 22 18 8 31 18 26 10 22 24 29 10 2 32 41 45 14 24 14 2 
5 10 24 22 21 22 47 27 39 5 45 44 0 43 4 31 12 22 39 28 12 12 17 8 15 0 8 23 9 34 4 36 19 8 45 6 16 0 17 42 37 32 6 24 47 21 33 22 31 26 
33 48 23 32 18 26 20 11 32 6 40 25 24 36 27 19 43 34 27 18 18 41 46 33 28 27 0 26 21 47 12 3 27 8 45 8 35 38 37 43 13 1 0 28 11 0 49 42 4 19 
31 15 17 13 43 34 22 22 30 1 42 27 27 20 2 14 31 40 23 37 23 29 45 19 27 42 10 0 32 8 26 37 20 28 1 8 13 10 33 36 42 10 22 28 34 41 18 3 17 15 
38 31 7 0 14 48 8 11 13 6 7 28 39 35 15 25 36 36 33 10 30 48 28 42 33 40 16 35 0 10 49 37 42 32 28 2 19 44 44 8 2 47 32 35 8 14 47 43 49 15 
41 39 0 12 48 23 1 24 33 41 0 4 40 47 19 30 28 31 44 40 37 49 25 33 38 42 43 2 11 0 10 34 40 47 35 29 40 5 41 42 10 49 28 29 21 27 23 43 20 47 
26 26 40 32 28 9 18 39 9 49 24 22 30 8 17 8 27 3 20 7 46 24 22 11 19 11 6 40 13 33 0 16 32 2 41 4 13 12 46 10 15 4 49 36 30 48 32 37 34 40 
17 6 20 41 32 49 23 8 5 21 45 46 16 28 28 29 8 27 0 7 29 31 45 28 26 3 49 34 15 43 8 0 22 43 29 14 18 5 41 23 22 48 1 36 44 46 27 17 29 16 
24 41 19 12 46 43 41 15 49 7 40 2 36 1 37 26 12 5 33 44 30 47 15 15 13 11 28 28 28 40 11 47 0 45 20 25 39 0 49 33 15 14 32 7 32 46 17 22 32 10 
41 31 37 5 29 21 38 1 47 8 46 26 9 39 22 16 36 5 28 14 10 3 27 48 3 11 31 32 5 47 6 2 21 0 46 31 21 5 47 24 18 35 26 24 9 48 24 3 22 35 
43 38 3 32 47 30 26 28 0 1 11 49 5 13 16 23 11 45 23 24 0 3 31 37 49 10 43 15 22 29 31 12 26 31 0 47 40 21 5 22 32 39 20 15 31 8 43 6 28 48 
6 21 16 46 47 20 44 29 38 9 34 19 28 17 15 26 34 18 6 28 47 18 40 49 35 36 49 20 10 21 13 15 35 18 30 0 31 17 37 44 36 7 10 27 24 31 2 21 18 43 
35 37 11 4 27 6 18 22 13 0 42 37 38 38 5 39 47 31 43 34 37 11 43 17 1 32 47 15 3 4 34 45 25 21 14 31 0 22 6 6 43 43 30 30 18 11 13 18 1 16 
29 18 40 31 33 29 13 9 3 36 45 15 24 20 35 30 26 5 25 21 8 9 6 2 32 5 40 25 12 35 12 30 36 47 2 8 30 0 40 26 8 43 40 46 24 23 47 30 35 22 
0 7 5 16 41 38 31 18 15 46 25 9 12 36 5 12 43 42 21 22 12 48 18 18 17 14 0 40 35 9 19 45 3 40 29 49 5 41 0 11 31 2 3 33 29 37 42 3 33 20 
14 18 44 13 29 2 14 19 20 5 47 44 37 26 26 23 40 29 40 38 10 21 45 21 20 33 39 5 28 29 6 12 35 37 46 33 38 35 29 0 43 40 12 15 1 5 7 17 19 34 
21 7 48 45 47 18 38 44 22 13 28 14 1 23 40 4 1 27 47 42 21 13 1 13 21 15 21 45 10 45 41 22 12 1 15 5 43 38 29 32 0 8 4 22 7 45 38 44 40 39 
4 4 23 25 28 24 31 30 33 23 44 30 46 37 45 5 16 0 39 38 13 35 47 9 30 24 8 37 24 20 22 43 5 34 11 6 6 34 25 32 19 0 41 32 34 29 29 33 17 36 
25 18 37 28 19 27 37 41 6 45 10 1 43 32 36 30 25 7 34 24 19 40 26 41 1 29 40 24 22 41 39 37 40 39 43 3 13 31 3 5 26 29 0 45 39 18 48 33 39 15 
21 43 26 22 38 28 31 49 28 41 23 43 34 43 49 2 7 2 41 37 46 41 37 13 0 16 40 12 35 26 10 27 32 10 39 5 24 13 22 45 16 10 38 0 38 11 45 17 25 17 
39 42 13 47 2 17 49 23 26 3 48 1 20 36 8 17 6 5 31 12 19 25 6 31 45 44 41 3 38 15 0 19 22 41 33 33 25 42 19 0 4 28 35 7 0 33 43 40 3 0 
33 22 21 11 40 38 41 8 47 2 8 29 2 33 40 2 18 22 45 35 8 11 42 44 49 38 28 42 7 41 47 19 45 30 13 14 10 11 35 23 4 12 3 2 19 0 4 29 2 24 
49 30 44 44 49 18 15 13 2 23 20 31 47 11 19 48 48 3 2 29 3 43 22 38 13 34 0 22 40 11 42 1 30 27 16 26 28 20 15 48 48 29 35 7 33 12 0 2 12 20 
20 22 23 41 36 38 17 17 42 48 17 49 15 39 32 19 31 3 30 28 31 39 2 30 22 14 7 45 28 31 40 10 27 21 36 9 43 40 33 37 43 30 24 43 32 3 11 0 40 12 
7 47 1 23 40 17 40 3 16 33 11 9 45 36 1 15 1 40 9 47 33 0 8 21 25 31 37 21 37 49 4 29 38 0 30 11 18 5 40 28 9 22 48 10 48 35 31 14 0 17 
43 46 11 46 38 20 38 26 5 17 21 10 2 8 33 5 15 26 1 34 9 43 48 23 42 43 33 37 3 40 11 44 18 27 48 39 48 29 47 49 31 19 25 48 49 36 49 23 43 0 
