100
92 256
125 861
427 827
215 65
19 129
229 402
47 444
313 593
29 443
71 57
167 24
93 318
39 386
432 932
495 758
2 80
46 145
127 512
176 522
39 56
237 82
174 982
435 849
211 710
484 814
58 941
451 92
355 450
264 778
139 156
70 342
15 953
57 916
285 370
403 54
460 933
386 992
347 46
481 608
376 940
476 295
75 620
457 967
169 400
187 227
267 847
368 825
231 180
373 614
76 135
437 327
5 823
380 954
346 406
53 561
168 62
179 490
400 54
411 162
224 629
48 498
343 140
310 793
6 946
284 435
383 303
489 239
297 778
21 985
307 456
129 424
302 19
198 14
225 43
410 883
195 486
185 167
495 351
27 698
357 764
330 210
68 22
86 124
54 615
352 84
414 431
163 837
436 516
360 267
301 878
186 732
389 647
275 692
264 124
252 566
378 470
362 577
78 751
97 711
487 225